,Date,MaxTemp,MinTemp,Precipitation
1,2011-01-01,60.1,46.9,0.0
2,2011-01-02,59.0,45.0,0.24
3,2011-01-03,61.0,54.0,0.02
4,2011-01-04,64.9,50.0,0.0
5,2011-01-05,68.0,48.0,0.0
6,2011-01-06,69.1,48.0,0.001
7,2011-01-07,61.0,52.0,0.001
8,2011-01-08,59.0,50.0,0.0
9,2011-01-09,61.0,54.0,0.0
10,2011-01-10,62.1,51.1,0.0
11,2011-01-11,69.1,48.0,0.0
12,2011-01-12,72.0,51.1,0.0
13,2011-01-13,72.0,50.0,0.0
14,2011-01-14,75.0,51.1,0.0
15,2011-01-15,77.0,53.1,0.0
16,2011-01-16,78.1,54.0,0.0
17,2011-01-17,82.0,55.9,0.0
18,2011-01-18,73.9,57.9,0.0
19,2011-01-19,61.0,55.9,0.0
20,2011-01-20,72.0,54.0,0.0
21,2011-01-21,73.9,50.0,0.0
22,2011-01-22,68.0,51.1,0.0
23,2011-01-23,80.1,50.0,0.0
24,2011-01-24,68.0,48.0,0.0
25,2011-01-25,72.0,50.0,0.0
26,2011-01-26,75.0,50.0,0.0
27,2011-01-27,77.0,51.1,0.0
28,2011-01-28,78.1,48.9,0.0
29,2011-01-29,64.0,48.9,0.0
30,2011-01-30,63.0,57.0,0.001
31,2011-01-31,63.0,55.0,0.04
33,2011-02-01,62.1,51.1,0.0
34,2011-02-02,64.0,46.9,0.0
35,2011-02-03,62.1,46.9,0.0
36,2011-02-04,62.1,46.0,0.0
37,2011-02-05,64.9,48.0,0.0
38,2011-02-06,78.1,51.1,0.0
39,2011-02-07,78.1,55.0,0.0
40,2011-02-08,61.0,55.9,0.0
41,2011-02-09,69.1,50.0,0.0
42,2011-02-10,70.0,48.0,0.0
43,2011-02-11,73.9,48.0,0.0
44,2011-02-12,75.9,48.9,0.0
45,2011-02-13,69.1,48.9,0.0
46,2011-02-14,66.0,52.0,0.0
47,2011-02-15,68.0,52.0,0.0
48,2011-02-16,64.0,55.0,0.28
49,2011-02-17,62.1,52.0,0.0
50,2011-02-18,64.0,54.0,0.56
51,2011-02-19,59.0,52.0,0.35
52,2011-02-20,59.0,48.9,0.03
53,2011-02-21,60.1,46.9,0.0
54,2011-02-22,63.0,48.9,0.0
55,2011-02-23,61.0,51.1,0.0
56,2011-02-24,61.0,55.9,0.0
57,2011-02-25,61.0,55.9,0.0
58,2011-02-26,57.9,46.0,0.82
59,2011-02-27,59.0,44.1,0.06
60,2011-02-28,66.0,45.0,0.0
62,2011-03-01,64.0,48.0,0.0
63,2011-03-02,64.0,50.0,0.0
64,2011-03-03,68.0,57.0,0.0
65,2011-03-04,68.0,57.0,0.0
66,2011-03-05,77.0,54.0,0.0
67,2011-03-06,63.0,55.0,0.07
68,2011-03-07,62.1,55.0,0.07
69,2011-03-08,66.0,53.1,0.0
70,2011-03-09,77.0,53.1,0.0
71,2011-03-10,73.0,55.0,0.0
72,2011-03-11,69.1,52.0,0.0
73,2011-03-12,64.0,57.9,0.0
74,2011-03-13,64.9,57.0,0.0
75,2011-03-14,71.1,54.0,0.0
76,2011-03-15,70.0,57.0,0.0
77,2011-03-16,68.0,57.0,0.0
78,2011-03-17,66.9,55.9,0.0
79,2011-03-18,69.1,53.1,0.0
80,2011-03-19,64.0,54.0,0.001
81,2011-03-20,62.1,54.0,0.79
82,2011-03-21,62.1,53.1,0.13
83,2011-03-22,63.0,53.1,0.001
84,2011-03-23,64.0,48.9,0.34
85,2011-03-24,64.0,53.1,0.01
86,2011-03-25,64.9,55.0,0.05
87,2011-03-26,64.0,51.1,0.001
88,2011-03-27,64.9,55.9,0.001
89,2011-03-28,66.0,57.9,0.0
90,2011-03-29,66.0,57.9,0.0
91,2011-03-30,73.0,55.0,0.0
92,2011-03-31,82.0,60.1,0.0
94,2011-04-01,75.0,63.0,0.0
95,2011-04-02,66.9,61.0,0.0
96,2011-04-03,69.1,60.1,0.0
97,2011-04-04,75.0,57.9,0.0
98,2011-04-05,70.0,59.0,0.0
99,2011-04-06,66.0,61.0,0.001
100,2011-04-07,64.0,55.0,0.06
101,2011-04-08,60.1,48.9,0.06
102,2011-04-09,61.0,46.9,0.14
103,2011-04-10,66.0,50.0,0.0
104,2011-04-11,68.0,54.0,0.0
105,2011-04-12,64.9,57.0,0.0
106,2011-04-13,64.0,57.0,0.0
107,2011-04-14,70.0,54.0,0.0
108,2011-04-15,80.1,57.0,0.0
109,2011-04-16,80.1,61.0,0.0
110,2011-04-17,66.0,57.9,0.0
111,2011-04-18,64.9,60.1,0.001
112,2011-04-19,68.0,61.0,0.0
113,2011-04-20,66.9,60.1,0.001
114,2011-04-21,71.1,62.1,0.0
115,2011-04-22,66.9,60.1,0.0
116,2011-04-23,68.0,61.0,0.0
117,2011-04-24,69.1,59.0,0.001
118,2011-04-25,69.1,59.0,0.001
119,2011-04-26,70.0,62.1,0.0
120,2011-04-27,77.0,57.9,0.0
121,2011-04-28,75.0,60.1,0.0
122,2011-04-29,68.0,61.0,0.0
123,2011-04-30,75.0,57.0,0.0
125,2011-05-01,81.0,57.0,0.0
126,2011-05-02,87.1,60.1,0.0
127,2011-05-03,89.1,60.1,0.0
128,2011-05-04,78.1,60.1,0.0
129,2011-05-05,72.0,61.0,0.0
130,2011-05-06,69.1,59.0,0.0
131,2011-05-07,66.0,60.1,0.0
132,2011-05-08,66.0,59.0,0.02
133,2011-05-09,63.0,57.9,0.001
134,2011-05-10,68.0,55.9,0.0
135,2011-05-11,68.0,60.1,0.0
136,2011-05-12,69.1,61.0,0.0
137,2011-05-13,68.0,61.0,0.0
138,2011-05-14,66.0,59.0,0.0
139,2011-05-15,66.9,60.1,0.0
140,2011-05-16,66.0,57.0,0.0
141,2011-05-17,64.9,57.0,0.06
142,2011-05-18,66.9,57.9,0.19
143,2011-05-19,66.9,57.0,0.0
144,2011-05-20,68.0,61.0,0.0
145,2011-05-21,69.1,61.0,0.0
146,2011-05-22,66.0,60.1,0.0
147,2011-05-23,64.9,61.0,0.001
148,2011-05-24,70.0,57.9,0.0
149,2011-05-25,71.1,59.0,0.0
150,2011-05-26,70.0,61.0,0.0
151,2011-05-27,73.9,63.0,0.0
152,2011-05-28,66.9,61.0,0.0
153,2011-05-29,66.0,59.0,0.09
154,2011-05-30,72.0,55.9,0.0
155,2011-05-31,72.0,57.9,0.0
157,2011-06-01,68.0,57.9,0.0
158,2011-06-02,70.0,57.0,0.0
159,2011-06-03,68.0,59.0,0.0
160,2011-06-04,68.0,60.1,0.0
161,2011-06-05,72.0,59.0,0.03
162,2011-06-06,72.0,61.0,0.0
163,2011-06-07,69.1,61.0,0.0
164,2011-06-08,69.1,62.1,0.0
165,2011-06-09,66.9,61.0,0.001
166,2011-06-10,69.1,62.1,0.0
167,2011-06-11,66.9,61.0,0.0
168,2011-06-12,66.9,61.0,0.0
169,2011-06-13,71.1,62.1,0.0
170,2011-06-14,70.0,61.0,0.0
171,2011-06-15,69.1,59.0,0.0
172,2011-06-16,66.9,60.1,0.001
173,2011-06-17,69.1,61.0,0.0
174,2011-06-18,70.0,61.0,0.0
175,2011-06-19,68.0,62.1,0.0
176,2011-06-20,70.0,61.0,0.0
177,2011-06-21,73.0,63.0,0.0
178,2011-06-22,72.0,63.0,0.0
179,2011-06-23,66.9,62.1,0.0
180,2011-06-24,68.0,62.1,0.0
181,2011-06-25,71.1,62.1,0.0
182,2011-06-26,72.0,61.0,0.0
183,2011-06-27,72.0,62.1,0.0
184,2011-06-28,70.0,62.1,0.0
185,2011-06-29,73.0,64.0,0.0
186,2011-06-30,75.0,63.0,0.0
188,2011-07-01,77.0,62.1,0.0
189,2011-07-02,77.0,64.9,0.0
190,2011-07-03,73.0,64.9,0.0
191,2011-07-04,77.0,66.0,0.0
192,2011-07-05,80.1,69.1,0.0
193,2011-07-06,80.1,70.0,0.0
194,2011-07-07,82.9,70.0,0.0
195,2011-07-08,77.0,68.0,0.0
196,2011-07-09,75.0,66.9,0.0
197,2011-07-10,71.1,64.0,0.0
198,2011-07-11,71.1,64.0,0.0
199,2011-07-12,75.0,64.0,0.0
200,2011-07-13,71.1,64.0,0.0
201,2011-07-14,70.0,64.9,0.0
202,2011-07-15,72.0,64.9,0.0
203,2011-07-16,73.0,64.9,0.0
204,2011-07-17,73.0,64.9,0.0
205,2011-07-18,75.0,64.0,0.0
206,2011-07-19,75.0,66.0,0.0
207,2011-07-20,73.0,64.9,0.0
208,2011-07-21,72.0,64.0,0.0
209,2011-07-22,72.0,64.0,0.0
210,2011-07-23,72.0,64.0,0.0
211,2011-07-24,75.0,64.9,0.0
212,2011-07-25,77.0,66.9,0.0
213,2011-07-26,71.1,64.9,0.0
214,2011-07-27,71.1,64.0,0.0
215,2011-07-28,72.0,64.9,0.0
216,2011-07-29,73.9,68.0,0.0
217,2011-07-30,73.0,68.0,0.0
218,2011-07-31,75.9,68.0,0.0
220,2011-08-01,77.0,66.9,0.0
221,2011-08-02,79.0,69.1,0.0
222,2011-08-03,77.0,64.9,0.0
223,2011-08-04,73.9,63.0,0.0
224,2011-08-05,73.0,64.0,0.0
225,2011-08-06,73.0,64.0,0.0
226,2011-08-07,73.0,63.0,0.0
227,2011-08-08,70.0,62.1,0.0
228,2011-08-09,69.1,62.1,0.0
229,2011-08-10,70.0,62.1,0.0
230,2011-08-11,71.1,63.0,0.0
231,2011-08-12,71.1,64.0,0.0
232,2011-08-13,70.0,64.9,0.0
233,2011-08-14,73.0,64.9,0.0
234,2011-08-15,71.1,62.1,0.0
235,2011-08-16,71.1,61.0,0.0
236,2011-08-17,73.0,64.0,0.0
237,2011-08-18,73.0,64.0,0.0
238,2011-08-19,70.0,63.0,0.0
239,2011-08-20,71.1,63.0,0.0
240,2011-08-21,71.1,63.0,0.0
241,2011-08-22,73.0,64.9,0.0
242,2011-08-23,73.9,66.0,0.0
243,2011-08-24,73.9,66.0,0.0
244,2011-08-25,77.0,66.0,0.0
245,2011-08-26,80.1,68.0,0.0
246,2011-08-27,80.1,69.1,0.0
247,2011-08-28,81.0,69.1,0.0
248,2011-08-29,77.0,64.9,0.0
249,2011-08-30,73.0,64.0,0.0
250,2011-08-31,72.0,64.9,0.0
252,2011-09-01,73.9,64.9,0.0
253,2011-09-02,73.0,64.9,0.0
254,2011-09-03,72.0,64.0,0.0
255,2011-09-04,73.9,64.0,0.0
256,2011-09-05,75.0,66.0,0.07
257,2011-09-06,97.0,68.0,0.06
258,2011-09-07,87.1,69.1,0.0
259,2011-09-08,86.0,66.0,0.0
260,2011-09-09,68.0,63.0,0.0
261,2011-09-10,70.0,64.0,0.0
262,2011-09-11,73.9,64.9,0.0
263,2011-09-12,73.9,63.0,0.0
264,2011-09-13,72.0,64.9,0.0
265,2011-09-14,71.1,64.9,0.0
266,2011-09-15,72.0,63.0,0.0
267,2011-09-16,66.0,63.0,0.0
268,2011-09-17,70.0,62.1,0.0
269,2011-09-18,72.0,62.1,0.0
270,2011-09-19,71.1,63.0,0.0
271,2011-09-20,71.1,63.0,0.0
272,2011-09-21,71.1,63.0,0.0
273,2011-09-22,71.1,62.1,0.0
274,2011-09-23,72.0,64.0,0.0
275,2011-09-24,71.1,63.0,0.0
276,2011-09-25,70.0,64.9,0.0
277,2011-09-26,72.0,64.0,0.0
278,2011-09-27,71.1,63.0,0.0
279,2011-09-28,71.1,63.0,0.0
280,2011-09-29,71.1,62.1,0.0
281,2011-09-30,77.0,62.1,0.0
283,2011-10-01,75.9,64.0,0.0
284,2011-10-02,79.0,64.0,0.0
285,2011-10-03,73.0,64.0,0.0
286,2011-10-04,66.9,61.0,0.02
287,2011-10-05,66.9,60.1,0.42
288,2011-10-06,66.0,59.0,0.0
289,2011-10-07,69.1,55.9,0.0
290,2011-10-08,73.9,55.9,0.0
291,2011-10-09,79.0,59.0,0.0
292,2011-10-10,72.0,57.0,0.0
293,2011-10-11,73.9,57.0,0.0
294,2011-10-12,89.1,62.1,0.0
295,2011-10-13,84.9,64.9,0.0
296,2011-10-14,73.0,63.0,0.0
297,2011-10-15,69.1,62.1,0.0
298,2011-10-16,70.0,62.1,0.0
299,2011-10-17,70.0,57.9,0.0
300,2011-10-18,68.0,60.1,0.0
301,2011-10-19,64.9,61.0,0.001
302,2011-10-20,66.0,61.0,0.0
303,2011-10-21,69.1,61.0,0.0
304,2011-10-22,68.0,57.9,0.0
305,2011-10-23,64.9,60.1,0.0
306,2011-10-24,68.0,61.0,0.001
307,2011-10-25,69.1,61.0,0.02
308,2011-10-26,68.0,59.0,0.0
309,2011-10-27,73.0,55.0,0.0
310,2011-10-28,75.9,54.0,0.0
311,2011-10-29,72.0,54.0,0.0
312,2011-10-30,73.9,54.0,0.0
313,2011-10-31,70.0,55.0,0.0
315,2011-11-01,64.9,55.9,0.0
316,2011-11-02,81.0,55.0,0.0
317,2011-11-03,68.0,55.0,0.0
318,2011-11-04,63.0,52.0,0.59
319,2011-11-05,63.0,51.1,0.07
320,2011-11-06,61.0,53.1,0.05
321,2011-11-07,64.0,52.0,0.0
322,2011-11-08,66.9,48.9,0.0
323,2011-11-09,73.9,48.9,0.0
324,2011-11-10,75.0,55.0,0.0
325,2011-11-11,71.1,57.9,0.001
326,2011-11-12,64.0,53.1,1.4
327,2011-11-13,72.0,52.0,0.0
328,2011-11-14,64.9,54.0,0.0
329,2011-11-15,66.0,57.9,0.0
330,2011-11-16,66.0,55.0,0.0
331,2011-11-17,62.1,53.1,0.0
332,2011-11-18,62.1,57.0,0.0
333,2011-11-19,64.0,55.9,0.0
334,2011-11-20,62.1,54.0,0.92
335,2011-11-21,63.0,52.0,0.09
336,2011-11-22,66.9,48.0,0.0
337,2011-11-23,64.0,50.0,0.0
338,2011-11-24,62.1,55.0,0.0
339,2011-11-25,64.0,50.0,0.0
340,2011-11-26,73.9,48.9,0.0
341,2011-11-27,82.0,52.0,0.0
342,2011-11-28,80.1,52.0,0.0
343,2011-11-29,73.9,54.0,0.0
344,2011-11-30,60.1,50.0,0.0
346,2011-12-01,66.9,55.0,0.0
347,2011-12-02,64.0,53.1,0.0
348,2011-12-03,63.0,51.1,0.0
349,2011-12-04,62.1,44.1,0.0
350,2011-12-05,66.0,46.0,0.0
351,2011-12-06,62.1,41.0,0.0
352,2011-12-07,64.9,42.1,0.0
353,2011-12-08,63.0,45.0,0.0
354,2011-12-09,66.9,44.1,0.0
355,2011-12-10,66.0,46.9,0.0
356,2011-12-11,60.1,48.0,0.0
357,2011-12-12,57.9,51.1,0.51
358,2011-12-13,55.0,48.9,0.29
359,2011-12-14,61.0,46.9,0.001
360,2011-12-15,60.1,46.0,0.04
361,2011-12-16,63.0,46.0,0.001
362,2011-12-17,62.1,48.0,0.001
363,2011-12-18,60.1,52.0,0.0
364,2011-12-19,59.0,51.1,0.02
365,2011-12-20,64.9,52.0,0.0
366,2011-12-21,61.0,46.0,0.0
367,2011-12-22,69.1,51.1,0.0
368,2011-12-23,64.9,42.1,0.0
369,2011-12-24,68.0,41.0,0.0
370,2011-12-25,72.0,43.0,0.0
371,2011-12-26,69.1,45.0,0.0
372,2011-12-27,64.9,43.0,0.0
373,2011-12-28,73.9,45.0,0.0
374,2011-12-29,70.0,45.0,0.0
375,2011-12-30,61.0,46.9,0.0
376,2011-12-31,66.9,48.0,0.0
378,2012-01-01,66.9,46.9,0.0
379,2012-01-02,69.1,46.9,0.0
380,2012-01-03,71.1,50.0,0.0
381,2012-01-04,79.0,50.0,0.0
382,2012-01-05,82.9,53.1,0.0
383,2012-01-06,68.0,50.0,0.0
384,2012-01-07,59.0,52.0,0.0
385,2012-01-08,64.9,46.9,0.0
386,2012-01-09,73.9,46.9,0.0
387,2012-01-10,69.1,48.0,0.0
388,2012-01-11,66.9,51.1,0.0
389,2012-01-12,70.0,52.0,0.0
390,2012-01-13,77.0,46.9,0.0
391,2012-01-14,66.9,46.0,0.0
392,2012-01-15,63.0,50.0,0.02
393,2012-01-16,57.9,51.1,0.02
394,2012-01-17,57.9,48.9,0.0
395,2012-01-18,61.0,43.0,0.0
396,2012-01-19,61.0,45.0,0.0
397,2012-01-20,61.0,50.0,0.0
398,2012-01-21,62.1,51.1,0.09
399,2012-01-22,60.1,46.9,0.0
400,2012-01-23,60.1,50.0,0.27
401,2012-01-24,63.0,48.9,0.0
402,2012-01-25,70.0,50.0,0.0
403,2012-01-26,77.0,51.1,0.0
404,2012-01-27,70.0,51.1,0.0
405,2012-01-28,75.9,50.0,0.0
406,2012-01-29,75.9,48.9,0.0
407,2012-01-30,64.9,46.9,0.0
408,2012-01-31,62.1,50.0,0.0
410,2012-02-01,66.9,50.0,0.0
411,2012-02-02,62.1,50.0,0.0
412,2012-02-03,73.0,46.9,0.0
413,2012-02-04,73.0,48.9,0.0
414,2012-02-05,73.0,50.0,0.0
415,2012-02-06,70.0,48.9,0.0
416,2012-02-07,62.1,55.9,0.29
417,2012-02-08,69.1,53.1,0.0
418,2012-02-09,75.0,54.0,0.0
419,2012-02-10,68.0,53.1,0.0
420,2012-02-11,62.1,57.0,0.001
421,2012-02-12,62.1,55.0,0.001
422,2012-02-13,60.1,52.0,0.04
423,2012-02-14,59.0,48.0,0.22
424,2012-02-15,60.1,48.0,0.26
425,2012-02-16,64.0,46.0,0.0
426,2012-02-17,68.0,46.9,0.0
427,2012-02-18,60.1,51.1,0.0
428,2012-02-19,62.1,54.0,0.0
429,2012-02-20,60.1,50.0,0.0
430,2012-02-21,71.1,48.9,0.0
431,2012-02-22,75.0,51.1,0.0
432,2012-02-23,66.0,54.0,0.0
433,2012-02-24,62.1,53.1,0.0
434,2012-02-25,63.0,54.0,0.0
435,2012-02-26,57.9,54.0,0.0
436,2012-02-27,59.0,48.0,0.37
437,2012-02-28,57.9,48.0,0.01
439,2012-03-01,60.1,52.0,0.0
440,2012-03-02,66.0,48.9,0.0
441,2012-03-03,73.9,46.9,0.0
442,2012-03-04,81.0,51.1,0.0
443,2012-03-05,72.0,57.0,0.0
444,2012-03-06,60.1,53.1,0.001
445,2012-03-07,63.0,51.1,0.001
446,2012-03-08,69.1,45.0,0.0
447,2012-03-09,81.0,50.0,0.0
448,2012-03-10,66.9,52.0,0.0
449,2012-03-11,59.0,54.0,0.0
450,2012-03-12,62.1,54.0,0.0
451,2012-03-13,62.1,55.0,0.0
452,2012-03-14,62.1,55.9,0.0
453,2012-03-15,61.0,55.0,0.0
454,2012-03-16,61.0,55.0,0.03
455,2012-03-17,57.9,52.0,0.35
456,2012-03-18,57.0,48.0,0.13
457,2012-03-19,57.9,48.9,0.13
458,2012-03-20,64.0,46.9,0.0
459,2012-03-21,68.0,48.9,0.0
460,2012-03-22,64.9,52.0,0.0
461,2012-03-23,61.0,55.0,0.0
462,2012-03-24,61.0,53.1,0.0
463,2012-03-25,63.0,52.0,0.28
464,2012-03-26,62.1,53.1,0.001
465,2012-03-27,63.0,51.1,0.0
466,2012-03-28,64.9,50.0,0.001
467,2012-03-29,64.9,55.0,0.001
468,2012-03-30,62.1,55.9,0.0
469,2012-03-31,61.0,54.0,0.05
471,2012-04-01,62.1,55.0,0.001
472,2012-04-02,69.1,51.1,0.0
473,2012-04-03,75.9,52.0,0.0
474,2012-04-04,71.1,53.1,0.0
475,2012-04-05,64.0,55.9,0.0
476,2012-04-06,66.0,51.1,0.0
477,2012-04-07,75.9,53.1,0.0
478,2012-04-08,71.1,54.0,0.0
479,2012-04-09,71.1,53.1,0.0
480,2012-04-10,63.0,53.1,0.0
481,2012-04-11,63.0,55.9,0.12
482,2012-04-12,64.9,55.0,0.001
483,2012-04-13,60.1,51.1,0.28
484,2012-04-14,61.0,52.0,0.02
485,2012-04-15,63.0,48.9,0.0
486,2012-04-16,69.1,52.0,0.0
487,2012-04-17,72.0,54.0,0.0
488,2012-04-18,66.9,54.0,0.0
489,2012-04-19,66.0,55.0,0.0
490,2012-04-20,66.0,57.0,0.0
491,2012-04-21,66.0,57.9,0.0
492,2012-04-22,63.0,57.9,0.001
493,2012-04-23,64.9,57.9,0.0
494,2012-04-24,75.0,55.9,0.0
495,2012-04-25,73.0,60.1,0.36
496,2012-04-26,64.9,59.0,0.1
497,2012-04-27,66.0,59.0,0.0
498,2012-04-28,71.1,57.0,0.0
499,2012-04-29,64.9,60.1,0.0
500,2012-04-30,64.0,61.0,0.0
502,2012-05-01,66.0,60.1,0.0
503,2012-05-02,66.0,59.0,0.0
504,2012-05-03,68.0,60.1,0.0
505,2012-05-04,68.0,59.0,0.0
506,2012-05-05,66.9,59.0,0.0
507,2012-05-06,64.0,57.9,0.0
508,2012-05-07,68.0,59.0,0.0
509,2012-05-08,69.1,60.1,0.0
510,2012-05-09,69.1,59.0,0.0
511,2012-05-10,64.0,59.0,0.0
512,2012-05-11,68.0,57.9,0.0
513,2012-05-12,69.1,60.1,0.0
514,2012-05-13,69.1,61.0,0.0
515,2012-05-14,71.1,61.0,0.0
516,2012-05-15,69.1,61.0,0.0
517,2012-05-16,72.0,60.1,0.0
518,2012-05-17,64.9,60.1,0.0
519,2012-05-18,66.9,60.1,0.0
520,2012-05-19,69.1,61.0,0.0
521,2012-05-20,71.1,61.0,0.0
522,2012-05-21,70.0,60.1,0.0
523,2012-05-22,68.0,60.1,0.0
524,2012-05-23,64.9,60.1,0.0
525,2012-05-24,66.9,62.1,0.0
526,2012-05-25,64.0,57.9,0.02
527,2012-05-26,66.0,57.0,0.001
528,2012-05-27,68.0,57.9,0.0
529,2012-05-28,69.1,59.0,0.0
530,2012-05-29,68.0,61.0,0.0
531,2012-05-30,68.0,61.0,0.0
532,2012-05-31,69.1,60.1,0.0
534,2012-06-01,66.0,59.0,0.0
535,2012-06-02,64.9,59.0,0.0
536,2012-06-03,66.0,61.0,0.0
537,2012-06-04,66.0,61.0,0.0
538,2012-06-05,69.1,61.0,0.0
539,2012-06-06,72.0,60.1,0.0
540,2012-06-07,68.0,61.0,0.0
541,2012-06-08,66.9,61.0,0.0
542,2012-06-09,64.9,60.1,0.0
543,2012-06-10,66.0,60.1,0.0
544,2012-06-11,66.9,61.0,0.0
545,2012-06-12,66.9,60.1,0.0
546,2012-06-13,64.9,59.0,0.0
547,2012-06-14,66.0,61.0,0.0
548,2012-06-15,66.0,60.1,0.0
549,2012-06-16,68.0,63.0,0.0
550,2012-06-17,72.0,61.0,0.0
551,2012-06-18,71.1,63.0,0.001
552,2012-06-19,70.0,61.0,0.0
553,2012-06-20,68.0,60.1,0.0
554,2012-06-21,70.0,63.0,0.0
555,2012-06-22,71.1,62.1,0.0
556,2012-06-23,70.0,62.1,0.0
557,2012-06-24,72.0,62.1,0.0
558,2012-06-25,72.0,63.0,0.0
559,2012-06-26,75.9,60.1,0.0
560,2012-06-27,73.0,63.0,0.0
561,2012-06-28,73.0,62.1,0.0
562,2012-06-29,73.0,62.1,0.0
563,2012-06-30,72.0,64.0,0.0
565,2012-07-01,72.0,63.0,0.0
566,2012-07-02,68.0,63.0,0.0
567,2012-07-03,68.0,62.1,0.0
568,2012-07-04,66.9,62.1,0.001
569,2012-07-05,69.1,63.0,0.0
570,2012-07-06,73.0,64.0,0.0
571,2012-07-07,72.0,64.0,0.0
572,2012-07-08,73.0,63.0,0.0
573,2012-07-09,73.0,63.0,0.0
574,2012-07-10,75.9,64.0,0.0
575,2012-07-11,73.9,64.9,0.0
576,2012-07-12,75.0,64.0,0.001
577,2012-07-13,81.0,66.0,0.001
578,2012-07-14,73.0,64.9,0.0
579,2012-07-15,72.0,63.0,0.0
580,2012-07-16,69.1,63.0,0.0
581,2012-07-17,72.0,64.0,0.0
582,2012-07-18,80.1,63.0,0.0
583,2012-07-19,75.0,68.0,0.0
584,2012-07-20,79.0,66.9,0.0
585,2012-07-21,75.0,66.9,0.0
586,2012-07-22,73.9,66.0,0.0
587,2012-07-23,72.0,66.0,0.0
588,2012-07-24,73.0,64.9,0.0
589,2012-07-25,73.0,64.9,0.0
590,2012-07-26,73.0,64.9,0.0
591,2012-07-27,72.0,64.9,0.0
592,2012-07-28,72.0,64.9,0.0
593,2012-07-29,72.0,63.0,0.0
594,2012-07-30,72.0,64.0,0.0
595,2012-07-31,73.0,66.0,0.0
597,2012-08-01,75.0,66.0,0.0
598,2012-08-02,73.9,64.9,0.0
599,2012-08-03,71.1,64.9,0.0
600,2012-08-04,73.0,64.9,0.0
601,2012-08-05,73.9,66.9,0.0
602,2012-08-06,77.0,66.0,0.0
603,2012-08-07,79.0,69.1,0.0
604,2012-08-08,80.1,70.0,0.0
605,2012-08-09,79.0,69.1,0.0
606,2012-08-10,82.0,70.0,0.0
607,2012-08-11,81.0,69.1,0.0
608,2012-08-12,84.9,72.0,0.0
609,2012-08-13,82.0,72.0,0.0
610,2012-08-14,80.1,71.1,0.0
611,2012-08-15,78.1,70.0,0.0
612,2012-08-16,81.0,72.0,0.0
613,2012-08-17,84.9,72.0,0.0
614,2012-08-18,86.0,72.0,0.0
615,2012-08-19,82.0,73.0,0.0
616,2012-08-20,79.0,71.1,0.0
617,2012-08-21,75.0,70.0,0.0
618,2012-08-22,73.9,69.1,0.0
619,2012-08-23,75.9,68.0,0.001
620,2012-08-24,73.0,68.0,0.001
621,2012-08-25,73.9,66.9,0.0
622,2012-08-26,75.9,66.0,0.0
623,2012-08-27,80.1,66.9,0.0
624,2012-08-28,80.1,68.0,0.0
625,2012-08-29,78.1,66.9,0.0
626,2012-08-30,80.1,71.1,0.0
627,2012-08-31,81.0,72.0,0.0
629,2012-09-01,82.9,68.0,0.0
630,2012-09-02,79.0,68.0,0.0
631,2012-09-03,79.0,66.0,0.0
632,2012-09-04,84.0,69.1,0.0
633,2012-09-05,82.9,72.0,0.0
634,2012-09-06,82.0,72.0,0.0
635,2012-09-07,81.0,72.0,0.0
636,2012-09-08,78.1,71.1,0.0
637,2012-09-09,80.1,70.0,0.001
638,2012-09-10,81.0,69.1,0.0
639,2012-09-11,75.9,71.1,0.0
640,2012-09-12,79.0,71.1,0.0
641,2012-09-13,75.9,69.1,0.0
642,2012-09-14,89.1,68.0,0.0
643,2012-09-15,100.9,71.1,0.0
644,2012-09-16,78.1,66.0,0.0
645,2012-09-17,77.0,69.1,0.0
646,2012-09-18,77.0,69.1,0.0
647,2012-09-19,79.0,68.0,0.0
648,2012-09-20,80.1,68.0,0.0
649,2012-09-21,79.0,69.1,0.0
650,2012-09-22,82.0,69.1,0.0
651,2012-09-23,90.0,69.1,0.0
652,2012-09-24,80.1,68.0,0.0
653,2012-09-25,75.0,66.9,0.0
654,2012-09-26,75.0,66.9,0.0
655,2012-09-27,75.9,66.9,0.0
656,2012-09-28,77.0,64.9,0.0
657,2012-09-29,82.9,66.9,0.0
658,2012-09-30,82.9,68.0,0.0
660,2012-10-01,80.1,66.0,0.0
661,2012-10-02,86.0,68.0,0.0
662,2012-10-03,82.0,66.9,0.0
663,2012-10-04,75.0,66.9,0.0
664,2012-10-05,73.0,66.0,0.0
665,2012-10-06,77.0,64.0,0.0
666,2012-10-07,75.0,68.0,0.0
667,2012-10-08,75.0,66.9,0.0
668,2012-10-09,73.9,68.0,0.0
669,2012-10-10,73.0,66.0,0.001
670,2012-10-11,69.1,62.1,0.09
671,2012-10-12,71.1,60.1,0.45
672,2012-10-13,73.0,59.0,0.0
673,2012-10-14,81.0,61.0,0.0
674,2012-10-15,77.0,64.0,0.0
675,2012-10-16,84.0,63.0,0.0
676,2012-10-17,91.9,64.0,0.0
677,2012-10-18,73.9,69.1,0.0
678,2012-10-19,75.0,66.0,0.0
679,2012-10-20,69.1,64.0,0.02
680,2012-10-21,69.1,64.0,0.14
681,2012-10-22,69.1,62.1,0.0
682,2012-10-23,70.0,61.0,0.001
683,2012-10-24,69.1,60.1,0.0
684,2012-10-25,72.0,55.9,0.0
685,2012-10-26,82.9,57.0,0.0
686,2012-10-27,84.0,57.0,0.0
687,2012-10-28,77.0,57.0,0.0
688,2012-10-29,75.9,55.0,0.0
689,2012-10-30,71.1,54.0,0.0
690,2012-10-31,68.0,59.0,0.0
692,2012-11-01,68.0,61.0,0.0
693,2012-11-02,68.0,59.0,0.0
694,2012-11-03,69.1,57.0,0.0
695,2012-11-04,87.1,55.9,0.0
696,2012-11-05,86.0,59.0,0.0
697,2012-11-06,69.1,57.0,0.0
698,2012-11-07,69.1,57.9,0.0
699,2012-11-08,66.9,60.1,0.14
700,2012-11-09,66.0,55.9,0.04
701,2012-11-10,64.0,55.0,0.001
702,2012-11-11,63.0,48.9,0.0
703,2012-11-12,68.0,46.9,0.0
704,2012-11-13,75.9,48.0,0.0
705,2012-11-14,71.1,51.1,0.0
706,2012-11-15,66.9,55.9,0.001
707,2012-11-16,71.1,55.0,0.0
708,2012-11-17,71.1,60.1,0.0
709,2012-11-18,68.0,59.0,0.01
710,2012-11-19,70.0,55.0,0.0
711,2012-11-20,66.0,54.0,0.0
712,2012-11-21,64.9,54.0,0.0
713,2012-11-22,64.9,54.0,0.0
714,2012-11-23,66.9,53.1,0.0
715,2012-11-24,71.1,51.1,0.0
716,2012-11-25,61.0,55.9,0.0
717,2012-11-26,64.0,55.0,0.0
718,2012-11-27,66.0,52.0,0.0
719,2012-11-28,66.0,59.0,0.0
720,2012-11-29,69.1,60.1,0.001
721,2012-11-30,69.1,61.0,0.1
723,2012-12-01,68.0,61.0,0.0
724,2012-12-02,68.0,61.0,0.001
725,2012-12-03,68.0,60.1,0.001
726,2012-12-04,66.9,60.1,0.0
727,2012-12-05,64.0,59.0,0.0
728,2012-12-06,66.0,57.9,0.0
729,2012-12-07,62.1,57.0,0.0
730,2012-12-08,64.0,57.0,0.0
731,2012-12-09,63.0,54.0,0.0
732,2012-12-10,68.0,51.1,0.0
733,2012-12-11,71.1,50.0,0.0
734,2012-12-12,64.0,55.0,0.001
735,2012-12-13,61.0,55.0,1.56
736,2012-12-14,60.1,51.1,0.09
737,2012-12-15,59.0,51.1,0.12
738,2012-12-16,60.1,53.1,0.01
739,2012-12-17,63.0,55.9,0.03
740,2012-12-18,61.0,54.0,0.05
741,2012-12-19,57.9,44.1,0.0
742,2012-12-20,66.0,42.1,0.0
743,2012-12-21,60.1,42.1,0.0
744,2012-12-22,61.0,45.0,0.0
745,2012-12-23,64.0,48.9,0.001
746,2012-12-24,61.0,52.0,0.12
747,2012-12-25,63.0,50.0,0.0
748,2012-12-26,61.0,51.1,0.04
749,2012-12-27,60.1,51.1,0.001
750,2012-12-28,63.0,45.0,0.0
751,2012-12-29,59.0,48.0,0.09
752,2012-12-30,57.0,46.0,0.08
753,2012-12-31,57.9,41.0,0.0
755,2013-01-01,60.1,46.0,0.0
756,2013-01-02,63.0,42.1,0.0
757,2013-01-03,66.9,43.0,0.0
758,2013-01-04,64.9,43.0,0.0
759,2013-01-05,62.1,41.0,0.0
760,2013-01-06,57.9,48.0,0.16
761,2013-01-07,64.0,46.9,0.01
762,2013-01-08,66.9,44.1,0.0
763,2013-01-09,60.1,48.0,0.0
764,2013-01-10,57.0,53.1,0.04
765,2013-01-11,54.0,44.1,0.0
766,2013-01-12,55.9,42.1,0.0
767,2013-01-13,55.9,42.1,0.0
768,2013-01-14,55.0,39.0,0.0
769,2013-01-15,59.0,39.9,0.0
770,2013-01-16,64.0,41.0,0.0
771,2013-01-17,73.0,44.1,0.0
772,2013-01-18,73.0,48.0,0.0
773,2013-01-19,75.9,46.9,0.0
774,2013-01-20,73.9,48.9,0.0
775,2013-01-21,75.9,45.0,0.0
776,2013-01-22,80.1,46.0,0.0
777,2013-01-23,73.0,55.9,0.0
778,2013-01-24,69.1,60.1,0.001
779,2013-01-25,64.9,59.0,0.85
780,2013-01-26,62.1,57.0,0.15
781,2013-01-27,57.9,54.0,0.001
782,2013-01-28,59.0,50.0,0.0
783,2013-01-29,59.0,46.9,0.0
784,2013-01-30,68.0,46.9,0.0
785,2013-01-31,69.1,48.0,0.0
787,2013-02-01,73.0,50.0,0.0
788,2013-02-02,73.9,52.0,0.001
789,2013-02-03,71.1,57.0,0.001
790,2013-02-04,62.1,50.0,0.0
791,2013-02-05,57.9,53.1,0.0
792,2013-02-06,61.0,53.1,0.0
793,2013-02-07,60.1,50.0,0.0
794,2013-02-08,55.9,45.0,0.27
795,2013-02-09,57.9,44.1,0.001
796,2013-02-10,57.9,44.1,0.001
797,2013-02-11,59.0,46.0,0.0
798,2013-02-12,62.1,45.0,0.0
799,2013-02-13,62.1,45.0,0.0
800,2013-02-14,66.0,46.9,0.0
801,2013-02-15,75.9,51.1,0.0
802,2013-02-16,78.1,53.1,0.0
803,2013-02-17,60.1,50.0,0.0
804,2013-02-18,59.0,54.0,0.0
805,2013-02-19,57.0,50.0,0.26
806,2013-02-20,57.0,48.9,0.06
807,2013-02-21,59.0,48.0,0.04
808,2013-02-22,62.1,45.0,0.0
809,2013-02-23,62.1,46.0,0.0
810,2013-02-24,66.0,48.9,0.0
811,2013-02-25,69.1,45.0,0.0
812,2013-02-26,64.0,45.0,0.0
813,2013-02-27,70.0,48.0,0.0
814,2013-02-28,73.0,46.9,0.0
816,2013-03-01,80.1,52.0,0.0
817,2013-03-02,80.1,54.0,0.0
818,2013-03-03,71.1,55.0,0.0
819,2013-03-04,63.0,57.0,0.0
820,2013-03-05,60.1,55.0,0.0
821,2013-03-06,62.1,55.0,0.0
822,2013-03-07,62.1,54.0,0.18
823,2013-03-08,55.9,50.0,1.04
824,2013-03-09,59.0,52.0,0.001
825,2013-03-10,68.0,48.0,0.0
826,2013-03-11,68.0,51.1,0.0
827,2013-03-12,71.1,50.0,0.0
828,2013-03-13,64.9,50.0,0.0
829,2013-03-14,66.0,50.0,0.0
830,2013-03-15,64.9,53.1,0.0
831,2013-03-16,61.0,53.1,0.0
832,2013-03-17,62.1,55.0,0.0
833,2013-03-18,62.1,55.9,0.0
834,2013-03-19,64.9,57.9,0.0
835,2013-03-20,66.0,57.0,0.0
836,2013-03-21,64.9,57.0,0.0
837,2013-03-22,64.9,57.0,0.0
838,2013-03-23,64.0,55.9,0.0
839,2013-03-24,66.0,53.1,0.0
840,2013-03-25,66.9,55.0,0.0
841,2013-03-26,64.9,55.9,0.0
842,2013-03-27,64.9,57.0,0.0
843,2013-03-28,69.1,55.9,0.0
844,2013-03-29,66.0,57.0,0.0
845,2013-03-30,68.0,57.9,0.0
846,2013-03-31,71.1,57.0,0.0
848,2013-04-01,66.0,55.9,0.001
849,2013-04-02,66.0,57.9,0.001
850,2013-04-03,66.0,57.9,0.0
851,2013-04-04,66.9,57.0,0.0
852,2013-04-05,64.9,59.0,0.001
853,2013-04-06,66.9,59.0,0.0
854,2013-04-07,64.9,59.0,0.0
855,2013-04-08,63.0,57.0,0.001
856,2013-04-09,68.0,55.0,0.0
857,2013-04-10,72.0,53.1,0.0
858,2013-04-11,64.0,55.9,0.0
859,2013-04-12,66.0,57.0,0.0
860,2013-04-13,60.1,57.0,0.0
861,2013-04-14,59.0,55.9,0.001
862,2013-04-15,61.0,55.0,0.01
863,2013-04-16,60.1,54.0,0.0
864,2013-04-17,68.0,52.0,0.0
865,2013-04-18,79.0,52.0,0.0
866,2013-04-19,77.0,54.0,0.0
867,2013-04-20,77.0,55.0,0.0
868,2013-04-21,64.9,55.9,0.0
869,2013-04-22,66.0,57.0,0.0
870,2013-04-23,66.9,59.0,0.0
871,2013-04-24,64.0,60.1,0.0
872,2013-04-25,70.0,60.1,0.001
873,2013-04-26,70.0,57.9,0.0
874,2013-04-27,68.0,60.1,0.0
875,2013-04-28,68.0,59.0,0.0
876,2013-04-29,66.0,57.9,0.0
877,2013-04-30,64.9,59.0,0.0
879,2013-05-01,69.1,62.1,0.0
880,2013-05-02,80.1,60.1,0.0
881,2013-05-03,82.0,60.1,0.0
882,2013-05-04,66.0,60.1,0.0
883,2013-05-05,64.9,61.0,0.04
884,2013-05-06,66.0,60.1,0.18
885,2013-05-07,68.0,61.0,0.04
886,2013-05-08,70.0,60.1,0.0
887,2013-05-09,66.9,61.0,0.0
888,2013-05-10,70.0,62.1,0.0
889,2013-05-11,73.0,63.0,0.0
890,2013-05-12,78.1,57.9,0.0
891,2013-05-13,84.9,64.9,0.0
892,2013-05-14,71.1,62.1,0.0
893,2013-05-15,66.9,61.0,0.0
894,2013-05-16,66.0,61.0,0.0
895,2013-05-17,69.1,62.1,0.0
896,2013-05-18,70.0,62.1,0.0
897,2013-05-19,69.1,62.1,0.0
898,2013-05-20,70.0,62.1,0.0
899,2013-05-21,71.1,62.1,0.0
900,2013-05-22,66.9,62.1,0.0
901,2013-05-23,66.9,60.1,0.0
902,2013-05-24,66.0,60.1,0.0
903,2013-05-25,68.0,60.1,0.0
904,2013-05-26,66.9,60.1,0.0
905,2013-05-27,73.9,61.0,0.0
906,2013-05-28,71.1,62.1,0.0
907,2013-05-29,72.0,62.1,0.0
908,2013-05-30,68.0,63.0,0.0
909,2013-05-31,71.1,63.0,0.0
911,2013-06-01,69.1,63.0,0.0
912,2013-06-02,66.0,62.1,0.0
913,2013-06-03,68.0,63.0,0.0
914,2013-06-04,70.0,63.0,0.0
915,2013-06-05,71.1,64.0,0.0
916,2013-06-06,69.1,63.0,0.0
917,2013-06-07,66.9,61.0,0.0
918,2013-06-08,63.0,59.0,0.0
919,2013-06-09,64.9,59.0,0.0
920,2013-06-10,68.0,60.1,0.0
921,2013-06-11,69.1,60.1,0.0
922,2013-06-12,64.9,57.9,0.0
923,2013-06-13,66.0,60.1,0.0
924,2013-06-14,73.0,57.0,0.0
925,2013-06-15,71.1,61.0,0.0
926,2013-06-16,72.0,63.0,0.0
927,2013-06-17,72.0,63.0,0.0
928,2013-06-18,72.0,61.0,0.0
929,2013-06-19,73.0,62.1,0.0
930,2013-06-20,72.0,63.0,0.0
931,2013-06-21,70.0,64.0,0.0
932,2013-06-22,70.0,62.1,0.0
933,2013-06-23,68.0,62.1,0.0
934,2013-06-24,72.0,64.0,0.0
935,2013-06-25,75.0,66.9,0.0
936,2013-06-26,75.9,66.0,0.0
937,2013-06-27,78.1,64.9,0.0
938,2013-06-28,78.1,66.9,0.0
939,2013-06-29,80.1,68.0,0.0
940,2013-06-30,73.9,66.0,0.0
942,2013-07-01,80.1,64.9,0.0
943,2013-07-02,73.0,66.9,0.0
944,2013-07-03,78.1,66.9,0.0
945,2013-07-04,75.9,66.0,0.0
946,2013-07-05,73.0,66.0,0.0
947,2013-07-06,73.0,66.9,0.0
948,2013-07-07,75.0,66.9,0.0
949,2013-07-08,77.0,66.9,0.0
950,2013-07-09,77.0,69.1,0.0
951,2013-07-10,72.0,68.0,0.001
952,2013-07-11,73.0,66.9,0.04
953,2013-07-12,75.9,66.9,0.0
954,2013-07-13,77.0,66.9,0.0
955,2013-07-14,77.0,68.0,0.0
956,2013-07-15,78.1,66.9,0.0
957,2013-07-16,77.0,66.9,0.0
958,2013-07-17,77.0,64.9,0.0
959,2013-07-18,73.9,66.9,0.0
960,2013-07-19,71.1,64.0,0.0
961,2013-07-20,71.1,63.0,0.0
962,2013-07-21,70.0,64.9,0.001
963,2013-07-22,75.9,66.0,0.0
964,2013-07-23,75.0,66.9,0.0
965,2013-07-24,73.9,66.9,0.0
966,2013-07-25,73.0,64.9,0.001
967,2013-07-26,73.0,66.9,0.01
968,2013-07-27,72.0,64.9,0.0
969,2013-07-28,71.1,64.0,0.0
970,2013-07-29,73.0,64.0,0.0
971,2013-07-30,73.0,64.9,0.0
972,2013-07-31,71.1,64.9,0.0
974,2013-08-01,73.9,64.9,0.0
975,2013-08-02,70.0,64.9,0.0
976,2013-08-03,73.0,64.0,0.0
977,2013-08-04,75.0,64.0,0.0
978,2013-08-05,73.0,64.0,0.0
979,2013-08-06,72.0,64.0,0.0
980,2013-08-07,73.9,64.9,0.0
981,2013-08-08,72.0,64.9,0.0
982,2013-08-09,72.0,64.0,0.0
983,2013-08-10,73.0,64.0,0.0
984,2013-08-11,72.0,64.0,0.0
985,2013-08-12,73.0,64.0,0.0
986,2013-08-13,73.0,64.0,0.0
987,2013-08-14,73.0,64.0,0.0
988,2013-08-15,73.0,64.0,0.0
989,2013-08-16,77.0,66.0,0.0
990,2013-08-17,73.9,64.0,0.0
991,2013-08-18,70.0,64.0,0.0
992,2013-08-19,73.9,63.0,0.0
993,2013-08-20,73.9,64.9,0.0
994,2013-08-21,75.9,66.0,0.0
995,2013-08-22,79.0,66.0,0.0
996,2013-08-23,77.0,66.9,0.0
997,2013-08-24,73.9,64.9,0.0
998,2013-08-25,77.0,64.9,0.0
999,2013-08-26,79.0,69.1,0.001
1000,2013-08-27,82.0,68.0,0.0
1001,2013-08-28,82.9,69.1,0.0
1002,2013-08-29,87.1,69.1,0.0
1003,2013-08-30,89.1,71.1,0.0
1004,2013-08-31,82.9,73.9,0.0
1006,2013-09-01,80.1,70.0,0.0
1007,2013-09-02,80.1,69.1,0.0
1008,2013-09-03,84.0,70.0,0.0
1009,2013-09-04,87.1,72.0,0.0
1010,2013-09-05,84.0,71.1,0.0
1011,2013-09-06,88.0,71.1,0.001
1012,2013-09-07,84.0,70.0,0.0
1013,2013-09-08,79.0,69.1,0.0
1014,2013-09-09,75.0,66.9,0.0
1015,2013-09-10,73.9,66.9,0.0
1016,2013-09-11,73.9,66.0,0.0
1017,2013-09-12,75.0,64.9,0.0
1018,2013-09-13,75.0,66.0,0.0
1019,2013-09-14,75.0,64.9,0.0
1020,2013-09-15,77.0,66.9,0.0
1021,2013-09-16,77.0,64.0,0.0
1022,2013-09-17,72.0,64.0,0.0
1023,2013-09-18,71.1,63.0,0.0
1024,2013-09-19,70.0,64.0,0.0
1025,2013-09-20,69.1,64.9,0.0
1026,2013-09-21,75.0,64.9,0.0
1027,2013-09-22,73.9,66.0,0.0
1028,2013-09-23,80.1,62.1,0.0
1029,2013-09-24,75.0,64.9,0.0
1030,2013-09-25,71.1,64.9,0.0
1031,2013-09-26,71.1,64.0,0.0
1032,2013-09-27,75.9,59.0,0.0
1033,2013-09-28,84.9,61.0,0.0
1034,2013-09-29,81.0,60.1,0.0
1035,2013-09-30,80.1,59.0,0.0
1037,2013-10-01,71.1,64.0,0.0
1038,2013-10-02,70.0,63.0,0.0
1039,2013-10-03,72.0,64.0,0.0
1040,2013-10-04,73.9,64.0,0.0
1041,2013-10-05,84.9,57.9,0.0
1042,2013-10-06,88.0,60.1,0.0
1043,2013-10-07,80.1,64.0,0.0
1044,2013-10-08,69.1,63.0,0.0
1045,2013-10-09,66.0,57.9,0.07
1046,2013-10-10,68.0,57.0,0.001
1047,2013-10-11,71.1,55.9,0.0
1048,2013-10-12,70.0,62.1,0.0
1049,2013-10-13,68.0,59.0,0.0
1050,2013-10-14,73.9,55.0,0.0
1051,2013-10-15,75.9,57.0,0.0
1052,2013-10-16,84.0,57.9,0.0
1053,2013-10-17,82.0,59.0,0.0
1054,2013-10-18,77.0,59.0,0.0
1055,2013-10-19,75.0,57.0,0.0
1056,2013-10-20,70.0,55.9,0.0
1057,2013-10-21,70.0,55.0,0.0
1058,2013-10-22,69.1,59.0,0.0
1059,2013-10-23,68.0,63.0,0.0
1060,2013-10-24,68.0,62.1,0.0
1061,2013-10-25,70.0,64.0,0.0
1062,2013-10-26,71.1,61.0,0.0
1063,2013-10-27,68.0,59.0,0.0
1064,2013-10-28,64.9,59.0,0.02
1065,2013-10-29,66.9,57.0,0.16
1066,2013-10-30,68.0,55.9,0.0
1067,2013-10-31,73.9,55.0,0.0
1069,2013-11-01,84.0,55.9,0.0
1070,2013-11-02,68.0,55.9,0.0
1071,2013-11-03,66.9,62.1,0.0
1072,2013-11-04,64.9,57.9,0.001
1073,2013-11-05,70.0,55.0,0.0
1074,2013-11-06,77.0,53.1,0.0
1075,2013-11-07,82.0,54.0,0.0
1076,2013-11-08,73.9,55.0,0.0
1077,2013-11-09,73.9,52.0,0.0
1078,2013-11-10,78.1,59.0,0.0
1079,2013-11-11,72.0,54.0,0.0
1080,2013-11-12,77.0,57.9,0.0
1081,2013-11-13,80.1,57.0,0.0
1082,2013-11-14,78.1,59.0,0.0
1083,2013-11-15,66.9,62.1,0.001
1084,2013-11-16,66.0,61.0,0.01
1085,2013-11-17,66.9,57.9,0.0
1086,2013-11-18,69.1,55.9,0.0
1087,2013-11-19,66.9,61.0,0.0
1088,2013-11-20,68.0,61.0,0.001
1089,2013-11-21,64.0,59.0,0.97
1090,2013-11-22,64.9,57.0,0.49
1091,2013-11-23,66.9,55.9,0.0
1092,2013-11-24,66.9,53.1,0.0
1093,2013-11-25,70.0,51.1,0.0
1094,2013-11-26,73.9,52.0,0.0
1095,2013-11-27,72.0,57.0,0.0
1096,2013-11-28,66.9,53.1,0.001
1097,2013-11-29,66.0,59.0,0.01
1098,2013-11-30,69.1,55.9,0.0
1100,2013-12-01,73.9,55.0,0.0
1101,2013-12-02,75.9,53.1,0.0
1102,2013-12-03,63.0,55.0,0.01
1103,2013-12-04,62.1,57.0,0.0
1104,2013-12-05,60.1,52.0,0.01
1105,2013-12-06,59.0,50.0,0.0
1106,2013-12-07,61.0,51.1,0.1
1107,2013-12-08,57.0,48.9,0.0
1108,2013-12-09,60.1,44.1,0.0
1109,2013-12-10,66.9,46.0,0.0
1110,2013-12-11,70.0,50.0,0.0
1111,2013-12-12,66.9,46.9,0.0
1112,2013-12-13,64.9,46.9,0.0
1113,2013-12-14,72.0,46.9,0.0
1114,2013-12-15,75.0,46.9,0.0
1115,2013-12-16,82.0,54.0,0.0
1116,2013-12-17,75.0,55.9,0.0
1117,2013-12-18,68.0,57.9,0.0
1118,2013-12-19,59.0,51.1,0.34
1119,2013-12-20,61.0,48.0,0.0
1120,2013-12-21,62.1,50.0,0.0
1121,2013-12-22,66.9,48.0,0.0
1122,2013-12-23,73.0,50.0,0.0
1123,2013-12-24,75.0,50.0,0.0
1124,2013-12-25,78.1,50.0,0.0
1125,2013-12-26,75.9,48.9,0.0
1126,2013-12-27,79.0,48.0,0.0
1127,2013-12-28,66.9,53.1,0.0
1128,2013-12-29,70.0,46.9,0.0
1129,2013-12-30,75.0,48.0,0.0
1130,2013-12-31,70.0,46.9,0.0
1132,2014-01-01,68.0,46.9,0.0
1133,2014-01-02,71.1,46.9,0.0
1134,2014-01-03,66.0,46.0,0.0
1135,2014-01-04,66.0,55.9,0.0
1136,2014-01-05,73.9,50.0,0.0
1137,2014-01-06,75.0,46.9,0.0
1138,2014-01-07,64.9,50.0,0.0
1139,2014-01-08,63.0,52.0,0.0
1140,2014-01-09,63.0,54.0,0.0
1141,2014-01-10,69.1,50.0,0.0
1142,2014-01-11,70.0,50.0,0.0
1143,2014-01-12,64.0,50.0,0.0
1144,2014-01-13,79.0,48.9,0.0
1145,2014-01-14,78.1,51.1,0.0
1146,2014-01-15,82.0,52.0,0.0
1147,2014-01-16,82.0,52.0,0.0
1148,2014-01-17,82.0,52.0,0.0
1149,2014-01-18,77.0,51.1,0.0
1150,2014-01-19,73.0,52.0,0.0
1151,2014-01-20,72.0,51.1,0.0
1152,2014-01-21,77.0,52.0,0.0
1153,2014-01-22,71.1,53.1,0.0
1154,2014-01-23,64.9,50.0,0.0
1155,2014-01-24,66.9,57.9,0.0
1156,2014-01-25,72.0,60.1,0.0
1157,2014-01-26,68.0,55.0,0.0
1158,2014-01-27,69.1,57.9,0.0
1159,2014-01-28,64.9,54.0,0.0
1160,2014-01-29,66.9,53.1,0.0
1161,2014-01-30,64.0,55.9,0.01
1162,2014-01-31,63.0,55.0,0.001
1164,2014-02-01,64.0,51.1,0.0
1165,2014-02-02,63.0,48.0,0.0
1166,2014-02-03,62.1,52.0,0.09
1167,2014-02-04,62.1,52.0,0.001
1168,2014-02-05,64.0,54.0,0.0
1169,2014-02-06,63.0,55.0,0.2
1170,2014-02-07,64.0,55.9,0.06
1171,2014-02-08,66.0,53.1,0.0
1172,2014-02-09,66.0,57.9,0.0
1173,2014-02-10,66.0,54.0,0.0
1174,2014-02-11,71.1,52.0,0.0
1175,2014-02-12,75.9,52.0,0.0
1176,2014-02-13,75.9,53.1,0.0
1177,2014-02-14,73.9,53.1,0.0
1178,2014-02-15,75.0,52.0,0.0
1179,2014-02-16,71.1,54.0,0.0
1180,2014-02-17,66.0,54.0,0.0
1181,2014-02-18,64.0,57.9,0.0
1182,2014-02-19,64.9,55.9,0.0
1183,2014-02-20,75.9,53.1,0.0
1184,2014-02-21,75.9,57.0,0.0
1185,2014-02-22,69.1,54.0,0.0
1186,2014-02-23,70.0,48.9,0.0
1187,2014-02-24,69.1,54.0,0.0
1188,2014-02-25,66.0,59.0,0.0
1189,2014-02-26,66.9,59.0,0.001
1190,2014-02-27,66.9,59.0,0.14
1191,2014-02-28,66.9,60.1,0.51
1193,2014-03-01,64.9,57.0,1.01
1194,2014-03-02,66.0,57.0,0.24
1195,2014-03-03,66.9,52.0,0.0
1196,2014-03-04,66.9,57.9,0.0
1197,2014-03-05,68.0,55.0,0.0
1198,2014-03-06,70.0,60.1,0.001
1199,2014-03-07,68.0,60.1,0.001
1200,2014-03-08,82.0,54.0,0.0
1201,2014-03-09,82.9,57.0,0.0
1202,2014-03-10,77.0,57.0,0.0
1203,2014-03-11,66.9,57.0,0.0
1204,2014-03-12,66.9,59.0,0.0
1205,2014-03-13,66.9,60.1,0.0
1206,2014-03-14,69.1,55.9,0.0
1207,2014-03-15,73.9,57.0,0.0
1208,2014-03-16,87.1,59.0,0.0
1209,2014-03-17,70.0,59.0,0.0
1210,2014-03-18,66.9,62.1,0.0
1211,2014-03-19,69.1,57.9,0.0
1212,2014-03-20,71.1,59.0,0.0
1213,2014-03-21,66.9,62.1,0.0
1214,2014-03-22,66.9,61.0,0.0
1215,2014-03-23,68.0,61.0,0.0
1216,2014-03-24,69.1,62.1,0.0
1217,2014-03-25,64.9,61.0,0.0
1218,2014-03-26,66.9,59.0,0.01
1219,2014-03-27,66.9,59.0,0.02
1220,2014-03-28,68.0,57.0,0.0
1221,2014-03-29,71.1,55.9,0.0
1222,2014-03-30,69.1,60.1,0.001
1223,2014-03-31,66.9,55.9,0.0
1225,2014-04-01,64.9,57.9,0.05
1226,2014-04-02,64.9,55.0,0.22
1227,2014-04-03,66.0,52.0,0.0
1228,2014-04-04,64.0,53.1,0.001
1229,2014-04-05,66.9,55.0,0.09
1230,2014-04-06,73.0,54.0,0.0
1231,2014-04-07,80.1,57.9,0.0
1232,2014-04-08,87.1,61.0,0.0
1233,2014-04-09,82.0,61.0,0.0
1234,2014-04-10,72.0,57.0,0.0
1235,2014-04-11,77.0,60.1,0.0
1236,2014-04-12,68.0,61.0,0.0
1237,2014-04-13,66.0,61.0,0.0
1238,2014-04-14,75.0,59.0,0.0
1239,2014-04-15,69.1,59.0,0.0
1240,2014-04-16,66.9,57.9,0.0
1241,2014-04-17,64.9,60.1,0.0
1242,2014-04-18,68.0,62.1,0.0
1243,2014-04-19,70.0,62.1,0.0
1244,2014-04-20,69.1,61.0,0.0
1245,2014-04-21,70.0,61.0,0.0
1246,2014-04-22,68.0,60.1,0.0
1247,2014-04-23,71.1,59.0,0.0
1248,2014-04-24,69.1,60.1,0.0
1249,2014-04-25,66.0,60.1,0.01
1250,2014-04-26,64.9,55.9,0.16
1251,2014-04-27,66.9,59.0,0.0
1252,2014-04-28,71.1,57.0,0.0
1253,2014-04-29,91.0,60.1,0.0
1254,2014-04-30,93.9,68.0,0.0
1256,2014-05-01,95.0,66.0,0.0
1257,2014-05-02,91.0,64.9,0.0
1258,2014-05-03,87.1,64.9,0.0
1259,2014-05-04,73.9,63.0,0.0
1260,2014-05-05,66.0,62.1,0.0
1261,2014-05-06,66.9,60.1,0.001
1262,2014-05-07,64.9,59.0,0.0
1263,2014-05-08,66.0,60.1,0.0
1264,2014-05-09,70.0,57.0,0.0
1265,2014-05-10,69.1,62.1,0.0
1266,2014-05-11,73.9,60.1,0.0
1267,2014-05-12,88.0,61.0,0.0
1268,2014-05-13,93.9,64.9,0.0
1269,2014-05-14,93.0,66.9,0.0
1270,2014-05-15,97.0,70.0,0.0
1271,2014-05-16,91.9,66.9,0.0
1272,2014-05-17,71.1,63.0,0.0
1273,2014-05-18,70.0,63.0,0.0
1274,2014-05-19,66.9,63.0,0.001
1275,2014-05-20,70.0,62.1,0.0
1276,2014-05-21,69.1,62.1,0.0
1277,2014-05-22,66.9,63.0,0.0
1278,2014-05-23,71.1,63.0,0.0
1279,2014-05-24,66.9,63.0,0.0
1280,2014-05-25,72.0,63.0,0.0
1281,2014-05-26,73.9,64.9,0.0
1282,2014-05-27,73.9,64.9,0.0
1283,2014-05-28,71.1,64.0,0.0
1284,2014-05-29,72.0,64.0,0.0
1285,2014-05-30,73.9,62.1,0.0
1286,2014-05-31,73.9,63.0,0.0
1288,2014-06-01,73.9,63.0,0.0
1289,2014-06-02,73.0,64.0,0.0
1290,2014-06-03,75.9,63.0,0.0
1291,2014-06-04,73.9,63.0,0.0
1292,2014-06-05,73.0,62.1,0.0
1293,2014-06-06,70.0,63.0,0.0
1294,2014-06-07,71.1,62.1,0.0
1295,2014-06-08,72.0,64.0,0.0
1296,2014-06-09,71.1,64.9,0.0
1297,2014-06-10,70.0,63.0,0.0
1298,2014-06-11,73.9,64.9,0.0
1299,2014-06-12,73.0,64.9,0.0
1300,2014-06-13,72.0,64.0,0.0
1301,2014-06-14,73.0,63.0,0.0
1302,2014-06-15,72.0,64.9,0.0
1303,2014-06-16,72.0,64.9,0.0
1304,2014-06-17,73.9,64.0,0.0
1305,2014-06-18,71.1,64.0,0.0
1306,2014-06-19,73.9,62.1,0.0
1307,2014-06-20,73.0,63.0,0.0
1308,2014-06-21,73.0,64.0,0.0
1309,2014-06-22,72.0,64.9,0.0
1310,2014-06-23,72.0,64.9,0.0
1311,2014-06-24,73.0,64.0,0.0
1312,2014-06-25,72.0,64.9,0.0
1313,2014-06-26,75.0,66.9,0.0
1314,2014-06-27,71.1,66.0,0.0
1315,2014-06-28,72.0,64.9,0.0
1316,2014-06-29,72.0,66.9,0.0
1317,2014-06-30,72.0,66.9,0.0
1319,2014-07-01,73.9,66.9,0.0
1320,2014-07-02,75.0,66.9,0.0
1321,2014-07-03,75.9,66.9,0.0
1322,2014-07-04,78.1,68.0,0.0
1323,2014-07-05,82.9,70.0,0.0
1324,2014-07-06,82.9,71.1,0.0
1325,2014-07-07,81.0,69.1,0.0
1326,2014-07-08,78.1,68.0,0.0
1327,2014-07-09,78.1,68.0,0.0
1328,2014-07-10,78.1,70.0,0.0
1329,2014-07-11,78.1,70.0,0.0
1330,2014-07-12,77.0,69.1,0.0
1331,2014-07-13,73.9,68.0,0.0
1332,2014-07-14,75.0,69.1,0.001
1333,2014-07-15,72.0,69.1,0.0
1334,2014-07-16,77.0,69.1,0.0
1335,2014-07-17,77.0,69.1,0.0
1336,2014-07-18,78.1,68.0,0.0
1337,2014-07-19,73.9,69.1,0.0
1338,2014-07-20,77.0,70.0,0.0
1339,2014-07-21,79.0,70.0,0.0
1340,2014-07-22,77.0,69.1,0.0
1341,2014-07-23,81.0,66.9,0.0
1342,2014-07-24,81.0,69.1,0.0
1343,2014-07-25,77.0,69.1,0.0
1344,2014-07-26,77.0,68.0,0.0
1345,2014-07-27,80.1,70.0,0.001
1346,2014-07-28,84.0,71.1,0.0
1347,2014-07-29,84.9,71.1,0.0
1348,2014-07-30,81.0,71.1,0.0
1349,2014-07-31,81.0,70.0,0.0
1351,2014-08-01,78.1,69.1,0.0
1352,2014-08-02,78.1,70.0,0.07
1353,2014-08-03,75.9,72.0,0.001
1354,2014-08-04,81.0,70.0,0.0
1355,2014-08-05,78.1,66.9,0.0
1356,2014-08-06,75.9,68.0,0.0
1357,2014-08-07,75.9,68.0,0.0
1358,2014-08-08,75.9,69.1,0.0
1359,2014-08-09,77.0,69.1,0.0
1360,2014-08-10,78.1,66.9,0.0
1361,2014-08-11,80.1,70.0,0.0
1362,2014-08-12,78.1,70.0,0.0
1363,2014-08-13,78.1,70.0,0.0
1364,2014-08-14,79.0,69.1,0.0
1365,2014-08-15,80.1,69.1,0.0
1366,2014-08-16,82.0,70.0,0.0
1367,2014-08-17,80.1,70.0,0.0
1368,2014-08-18,77.0,69.1,0.0
1369,2014-08-19,73.9,69.1,0.0
1370,2014-08-20,77.0,69.1,0.01
1371,2014-08-21,78.1,70.0,0.0
1372,2014-08-22,79.0,69.1,0.0
1373,2014-08-23,79.0,66.9,0.0
1374,2014-08-24,77.0,66.9,0.0
1375,2014-08-25,79.0,69.1,0.0
1376,2014-08-26,80.1,68.0,0.0
1377,2014-08-27,84.0,70.0,0.0
1378,2014-08-28,84.9,72.0,0.0
1379,2014-08-29,79.0,70.0,0.0
1380,2014-08-30,79.0,68.0,0.0
1381,2014-08-31,77.0,66.9,0.0
1383,2014-09-01,75.0,68.0,0.0
1384,2014-09-02,78.1,70.0,0.0
1385,2014-09-03,78.1,70.0,0.0
1386,2014-09-04,78.1,69.1,0.0
1387,2014-09-05,79.0,69.1,0.0
1388,2014-09-06,81.0,71.1,0.0
1389,2014-09-07,86.0,73.0,0.0
1390,2014-09-08,90.0,73.9,0.0
1391,2014-09-09,86.0,73.0,0.0
1392,2014-09-10,80.1,71.1,0.0
1393,2014-09-11,82.0,72.0,0.0
1394,2014-09-12,82.0,72.0,0.0
1395,2014-09-13,84.0,70.0,0.0
1396,2014-09-14,84.9,73.0,0.0
1397,2014-09-15,88.0,73.9,0.0
1398,2014-09-16,93.0,75.0,0.001
1399,2014-09-17,87.1,73.9,0.0
1400,2014-09-18,80.1,72.0,0.0
1401,2014-09-19,78.1,68.0,0.001
1402,2014-09-20,77.0,70.0,0.0
1403,2014-09-21,78.1,69.1,0.0
1404,2014-09-22,78.1,68.0,0.0
1405,2014-09-23,78.1,66.9,0.0
1406,2014-09-24,82.0,69.1,0.0
1407,2014-09-25,84.0,71.1,0.0
1408,2014-09-26,78.1,69.1,0.0
1409,2014-09-27,75.0,68.0,0.0
1410,2014-09-28,73.9,66.0,0.0
1411,2014-09-29,75.0,64.0,0.0
1412,2014-09-30,80.1,64.9,0.0
1414,2014-10-01,75.0,66.9,0.0
1415,2014-10-02,90.0,64.9,0.0
1416,2014-10-03,93.0,66.0,0.0
1417,2014-10-04,89.1,64.9,0.0
1418,2014-10-05,89.1,63.0,0.0
1419,2014-10-06,88.0,64.9,0.0
1420,2014-10-07,90.0,68.0,0.001
1421,2014-10-08,81.0,63.0,0.0
1422,2014-10-09,75.0,66.9,0.0
1423,2014-10-10,75.9,66.0,0.0
1424,2014-10-11,77.0,66.9,0.0
1425,2014-10-12,75.0,66.9,0.0
1426,2014-10-13,75.9,63.0,0.0
1427,2014-10-14,75.9,66.0,0.0
1428,2014-10-15,77.0,68.0,0.0
1429,2014-10-16,75.9,66.9,0.0
1430,2014-10-17,73.9,66.9,0.0
1431,2014-10-18,73.9,66.9,0.0
1432,2014-10-19,75.0,66.9,0.0
1433,2014-10-20,73.0,66.0,0.0
1434,2014-10-21,75.9,66.0,0.0
1435,2014-10-22,79.0,63.0,0.0
1436,2014-10-23,78.1,62.1,0.0
1437,2014-10-24,84.0,62.1,0.0
1438,2014-10-25,77.0,66.9,0.0
1439,2014-10-26,72.0,64.0,0.0
1440,2014-10-27,73.0,61.0,0.0
1441,2014-10-28,73.9,61.0,0.0
1442,2014-10-29,78.1,62.1,0.0
1443,2014-10-30,75.0,61.0,0.0
1444,2014-10-31,72.0,66.9,0.001
1446,2014-11-01,70.0,59.0,0.25
1447,2014-11-02,69.1,57.0,0.08
1448,2014-11-03,73.0,55.0,0.0
1449,2014-11-04,75.0,54.0,0.0
1450,2014-11-05,91.0,54.0,0.0
1451,2014-11-06,87.1,57.9,0.0
1452,2014-11-07,87.1,59.0,0.0
1453,2014-11-08,82.0,57.9,0.0
1454,2014-11-09,71.1,57.0,0.0
1455,2014-11-10,69.1,63.0,0.0
1456,2014-11-11,70.0,64.9,0.0
1457,2014-11-12,70.0,64.0,0.0
1458,2014-11-13,70.0,63.0,0.0
1459,2014-11-14,70.0,62.1,0.001
1460,2014-11-15,69.1,62.1,0.0
1461,2014-11-16,73.0,59.0,0.0
1462,2014-11-17,72.0,53.1,0.0
1463,2014-11-18,75.0,53.1,0.0
1464,2014-11-19,71.1,52.0,0.0
1465,2014-11-20,70.0,54.0,0.03
1466,2014-11-21,69.1,60.1,0.01
1467,2014-11-22,71.1,55.0,0.0
1468,2014-11-23,71.1,55.9,0.0
1469,2014-11-24,77.0,51.1,0.0
1470,2014-11-25,77.0,50.0,0.0
1471,2014-11-26,81.0,52.0,0.0
1472,2014-11-27,84.9,55.0,0.0
1473,2014-11-28,75.9,54.0,0.0
1474,2014-11-29,69.1,53.1,0.0
1475,2014-11-30,69.1,62.1,0.0
1477,2014-12-01,70.0,57.0,0.001
1478,2014-12-02,69.1,60.1,0.42
1479,2014-12-03,66.9,61.0,0.27
1480,2014-12-04,70.0,60.1,1.84
1481,2014-12-05,66.9,57.9,0.0
1482,2014-12-06,70.0,59.0,0.0
1483,2014-12-07,77.0,55.9,0.0
1484,2014-12-08,73.0,59.0,0.0
1485,2014-12-09,75.0,55.0,0.0
1486,2014-12-10,66.9,55.0,0.0
1487,2014-12-11,66.9,62.1,0.001
1488,2014-12-12,64.9,55.9,1.05
1489,2014-12-13,64.9,54.0,0.001
1490,2014-12-14,64.9,50.0,0.0
1491,2014-12-15,64.0,51.1,0.0
1492,2014-12-16,61.0,55.9,0.43
1493,2014-12-17,66.0,55.0,0.41
1494,2014-12-18,64.9,53.1,0.0
1495,2014-12-19,68.0,53.1,0.0
1496,2014-12-20,66.0,52.0,0.0
1497,2014-12-21,68.0,55.0,0.0
1498,2014-12-22,73.9,53.1,0.0
1499,2014-12-23,77.0,54.0,0.0
1500,2014-12-24,75.0,53.1,0.0
1501,2014-12-25,68.0,51.1,0.001
1502,2014-12-26,64.0,46.9,0.0
1503,2014-12-27,62.1,43.0,0.0
1504,2014-12-28,63.0,44.1,0.0
1505,2014-12-29,63.0,48.0,0.0
1506,2014-12-30,61.0,53.1,0.06
1507,2014-12-31,55.0,43.0,0.02
1509,2015-01-01,59.0,41.0,0.0
1510,2015-01-02,59.0,42.1,0.0
1511,2015-01-03,62.1,45.0,0.0
1512,2015-01-04,66.0,45.0,0.0
1513,2015-01-05,75.9,48.0,0.0
1514,2015-01-06,80.1,50.0,0.0
1515,2015-01-07,78.1,50.0,0.0
1516,2015-01-08,68.0,55.0,0.0
1517,2015-01-09,64.9,55.9,0.0
1518,2015-01-10,70.0,53.1,0.001
1519,2015-01-11,62.1,57.0,0.2
1520,2015-01-12,66.9,59.0,0.17
1521,2015-01-13,66.9,55.9,0.0
1522,2015-01-14,71.1,50.0,0.0
1523,2015-01-15,73.0,50.0,0.0
1524,2015-01-16,72.0,50.0,0.0
1525,2015-01-17,70.0,51.1,0.0
1526,2015-01-18,72.0,51.1,0.0
1527,2015-01-19,68.0,50.0,0.0
1528,2015-01-20,62.1,55.9,0.0
1529,2015-01-21,66.9,57.0,0.0
1530,2015-01-22,73.0,48.9,0.0
1531,2015-01-23,71.1,51.1,0.0
1532,2015-01-24,79.0,50.0,0.0
1533,2015-01-25,77.0,53.1,0.0
1534,2015-01-26,72.0,57.0,0.04
1535,2015-01-27,72.0,55.0,0.0
1536,2015-01-28,72.0,54.0,0.0
1537,2015-01-29,70.0,60.1,0.001
1538,2015-01-30,64.9,60.1,0.001
1539,2015-01-31,66.9,57.0,0.01
1541,2015-02-01,71.1,53.1,0.0
1542,2015-02-02,73.0,52.0,0.0
1543,2015-02-03,70.0,52.0,0.0
1544,2015-02-04,66.0,53.1,0.0
1545,2015-02-05,71.1,54.0,0.0
1546,2015-02-06,73.9,54.0,0.0
1547,2015-02-07,70.0,51.1,0.0
1548,2015-02-08,71.1,59.0,0.0
1549,2015-02-09,69.1,57.0,0.0
1550,2015-02-10,70.0,53.1,0.0
1551,2015-02-11,82.0,54.0,0.0
1552,2015-02-12,86.0,55.0,0.0
1553,2015-02-13,82.0,55.9,0.0
1554,2015-02-14,84.0,59.0,0.0
1555,2015-02-15,75.9,57.0,0.0
1556,2015-02-16,66.9,57.0,0.0
1557,2015-02-17,66.0,59.0,0.0
1558,2015-02-18,66.9,57.9,0.0
1559,2015-02-19,66.9,57.9,0.0
1560,2015-02-20,64.9,61.0,0.0
1561,2015-02-21,64.9,61.0,0.0
1562,2015-02-22,64.9,61.0,0.14
1563,2015-02-23,66.0,55.9,0.04
1564,2015-02-24,66.9,51.1,0.0
1565,2015-02-25,69.1,53.1,0.0
1566,2015-02-26,64.9,53.1,0.0
1567,2015-02-27,64.9,57.0,0.001
1568,2015-02-28,63.0,57.0,0.1
1570,2015-03-01,60.1,55.0,0.68
1571,2015-03-02,61.0,53.1,0.25
1572,2015-03-03,64.9,52.0,0.0
1573,2015-03-04,68.0,51.1,0.0
1574,2015-03-05,75.0,50.0,0.0
1575,2015-03-06,77.0,51.1,0.0
1576,2015-03-07,84.0,54.0,0.0
1577,2015-03-08,71.1,55.9,0.0
1578,2015-03-09,66.0,57.0,0.0
1579,2015-03-10,72.0,54.0,0.0
1580,2015-03-11,72.0,60.1,0.0
1581,2015-03-12,77.0,60.1,0.0
1582,2015-03-13,89.1,61.0,0.0
1583,2015-03-14,90.0,64.0,0.0
1584,2015-03-15,89.1,68.0,0.0
1585,2015-03-16,87.1,66.0,0.0
1586,2015-03-17,77.0,63.0,0.0
1587,2015-03-18,68.0,63.0,0.0
1588,2015-03-19,70.0,63.0,0.0
1589,2015-03-20,72.0,61.0,0.0
1590,2015-03-21,70.0,62.1,0.0
1591,2015-03-22,69.1,60.1,0.0
1592,2015-03-23,69.1,59.0,0.0
1593,2015-03-24,71.1,57.9,0.0
1594,2015-03-25,77.0,60.1,0.0
1595,2015-03-26,84.0,60.1,0.0
1596,2015-03-27,82.0,62.1,0.0
1597,2015-03-28,73.9,61.0,0.0
1598,2015-03-29,73.9,62.1,0.0
1599,2015-03-30,72.0,60.1,0.0
1600,2015-03-31,68.0,61.0,0.0
1602,2015-04-01,71.1,62.1,0.0
1603,2015-04-02,69.1,62.1,0.0
1604,2015-04-03,86.0,59.0,0.0
1605,2015-04-04,75.9,59.0,0.0
1606,2015-04-05,66.9,62.1,0.0
1607,2015-04-06,66.0,59.0,0.0
1608,2015-04-07,66.9,57.9,0.0
1609,2015-04-08,66.9,57.0,0.0
1610,2015-04-09,69.1,55.9,0.0
1611,2015-04-10,68.0,59.0,0.0
1612,2015-04-11,69.1,57.0,0.0
1613,2015-04-12,69.1,57.0,0.0
1614,2015-04-13,71.1,62.1,0.0
1615,2015-04-14,71.1,62.1,0.0
1616,2015-04-15,73.9,59.0,0.0
1617,2015-04-16,80.1,59.0,0.0
1618,2015-04-17,75.9,57.9,0.0
1619,2015-04-18,77.0,57.9,0.0
1620,2015-04-19,70.0,60.1,0.0
1621,2015-04-20,68.0,61.0,0.0
1622,2015-04-21,70.0,61.0,0.0
1623,2015-04-22,66.0,59.0,0.001
1624,2015-04-23,66.9,60.1,0.0
1625,2015-04-24,64.9,60.1,0.001
1626,2015-04-25,66.9,59.0,0.02
1627,2015-04-26,70.0,59.0,0.0
1628,2015-04-27,80.1,57.9,0.0
1629,2015-04-28,81.0,62.1,0.0
1630,2015-04-29,81.0,61.0,0.0
1631,2015-04-30,79.0,63.0,0.0
1633,2015-05-01,79.0,63.0,0.0
1634,2015-05-02,70.0,61.0,0.0
1635,2015-05-03,69.1,63.0,0.0
1636,2015-05-04,68.0,61.0,0.0
1637,2015-05-05,68.0,61.0,0.0
1638,2015-05-06,66.9,61.0,0.0
1639,2015-05-07,64.0,55.9,0.05
1640,2015-05-08,62.1,53.1,0.46
1641,2015-05-09,66.9,57.9,0.001
1642,2015-05-10,69.1,57.9,0.0
1643,2015-05-11,72.0,60.1,0.0
1644,2015-05-12,66.0,59.0,0.0
1645,2015-05-13,64.9,59.0,0.0
1646,2015-05-14,66.0,57.9,1.63
1647,2015-05-15,64.9,55.9,0.21
1648,2015-05-16,66.9,59.0,0.001
1649,2015-05-17,68.0,57.9,0.0
1650,2015-05-18,68.0,61.0,0.0
1651,2015-05-19,66.9,60.1,0.0
1652,2015-05-20,68.0,61.0,0.0
1653,2015-05-21,66.9,61.0,0.01
1654,2015-05-22,68.0,60.1,0.01
1655,2015-05-23,68.0,61.0,0.02
1656,2015-05-24,69.1,61.0,0.0
1657,2015-05-25,64.9,61.0,0.001
1658,2015-05-26,66.9,62.1,0.001
1659,2015-05-27,69.1,61.0,0.0
1660,2015-05-28,71.1,62.1,0.0
1661,2015-05-29,70.0,61.0,0.0
1662,2015-05-30,71.1,62.1,0.0
1663,2015-05-31,70.0,57.0,0.0
1665,2015-06-01,71.1,63.0,0.0
1666,2015-06-02,72.0,62.1,0.0
1667,2015-06-03,68.0,62.1,0.0
1668,2015-06-04,66.9,61.0,0.0
1669,2015-06-05,69.1,61.0,0.0
1670,2015-06-06,71.1,62.1,0.0
1671,2015-06-07,72.0,63.0,0.0
1672,2015-06-08,73.9,64.0,0.0
1673,2015-06-09,82.0,66.0,0.0
1674,2015-06-10,70.0,64.0,0.001
1675,2015-06-11,70.0,64.0,0.001
1676,2015-06-12,68.0,63.0,0.001
1677,2015-06-13,70.0,63.0,0.001
1678,2015-06-14,70.0,64.0,0.0
1679,2015-06-15,73.0,64.9,0.0
1680,2015-06-16,70.0,62.1,0.0
1681,2015-06-17,73.0,62.1,0.0
1682,2015-06-18,75.0,63.0,0.0
1683,2015-06-19,77.0,62.1,0.0
1684,2015-06-20,72.0,64.0,0.0
1685,2015-06-21,75.0,64.9,0.0
1686,2015-06-22,77.0,64.9,0.0
1687,2015-06-23,80.1,64.9,0.0
1688,2015-06-24,73.9,66.9,0.0
1689,2015-06-25,75.0,66.9,0.0
1690,2015-06-26,77.0,66.9,0.0
1691,2015-06-27,75.9,66.9,0.001
1692,2015-06-28,78.1,69.1,0.0
1693,2015-06-29,78.1,69.1,0.0
1694,2015-06-30,79.0,66.9,0.04
1696,2015-07-01,81.0,69.1,0.01
1697,2015-07-02,79.0,66.0,0.0
1698,2015-07-03,75.9,68.0,0.0
1699,2015-07-04,73.9,66.9,0.0
1700,2015-07-05,72.0,66.0,0.0
1701,2015-07-06,71.1,66.0,0.0
1702,2015-07-07,72.0,64.0,0.001
1703,2015-07-08,72.0,66.0,0.001
1704,2015-07-09,73.0,66.9,0.0
1705,2015-07-10,75.9,66.0,0.0
1706,2015-07-11,75.0,64.9,0.0
1707,2015-07-12,75.9,66.0,0.0
1708,2015-07-13,78.1,66.0,0.0
1709,2015-07-14,73.0,66.0,0.0
1710,2015-07-15,75.0,66.0,0.0
1711,2015-07-16,75.9,66.0,0.0
1712,2015-07-17,77.0,66.9,0.0
1713,2015-07-18,82.0,64.0,1.03
1714,2015-07-19,88.0,73.0,0.66
1715,2015-07-20,77.0,70.0,0.001
1716,2015-07-21,80.1,69.1,0.01
1717,2015-07-22,80.1,72.0,0.0
1718,2015-07-23,79.0,71.1,0.0
1719,2015-07-24,80.1,71.1,0.0
1720,2015-07-25,82.0,69.1,0.0
1721,2015-07-26,78.1,68.0,0.0
1722,2015-07-27,75.0,68.0,0.0
1723,2015-07-28,77.0,66.9,0.0
1724,2015-07-29,78.1,69.1,0.0
1725,2015-07-30,80.1,71.1,0.0
1726,2015-07-31,79.0,70.0,0.0
1728,2015-08-01,77.0,70.0,0.0
1729,2015-08-02,78.1,69.1,0.0
1730,2015-08-03,79.0,69.1,0.0
1731,2015-08-04,82.0,69.1,0.0
1732,2015-08-05,84.0,70.0,0.0
1733,2015-08-06,80.1,69.1,0.0
1734,2015-08-07,78.1,69.1,0.0
1735,2015-08-08,75.9,68.0,0.0
1736,2015-08-09,75.0,66.9,0.0
1737,2015-08-10,75.9,68.0,0.0
1738,2015-08-11,77.0,62.1,0.0
1739,2015-08-12,79.0,60.1,0.0
1740,2015-08-13,84.0,70.0,0.0
1741,2015-08-14,86.0,71.1,0.0
1742,2015-08-15,86.0,72.0,0.0
1743,2015-08-16,86.0,71.1,0.0
1744,2015-08-17,79.0,71.1,0.0
1745,2015-08-18,80.1,71.1,0.0
1746,2015-08-19,79.0,70.0,0.0
1747,2015-08-20,75.0,70.0,0.0
1748,2015-08-21,79.0,70.0,0.0
1749,2015-08-22,77.0,70.0,0.0
1750,2015-08-23,79.0,70.0,0.0
1751,2015-08-24,79.0,70.0,0.0
1752,2015-08-25,79.0,71.1,0.01
1753,2015-08-26,86.0,72.0,0.0
1754,2015-08-27,89.1,73.0,0.0
1755,2015-08-28,90.0,73.9,0.0
1756,2015-08-29,87.1,73.9,0.0
1757,2015-08-30,81.0,70.0,0.0
1758,2015-08-31,75.9,69.1,0.0
1760,2015-09-01,77.0,70.0,0.0
1761,2015-09-02,75.9,69.1,0.0
1762,2015-09-03,77.0,69.1,0.0
1763,2015-09-04,77.0,69.1,0.0
1764,2015-09-05,78.1,68.0,0.0
1765,2015-09-06,82.0,66.9,0.0
1766,2015-09-07,86.0,72.0,0.0
1767,2015-09-08,89.1,73.9,0.0
1768,2015-09-09,95.0,77.0,0.0
1769,2015-09-10,96.1,77.0,0.0
1770,2015-09-11,87.1,78.1,0.001
1771,2015-09-12,89.1,75.9,0.0
1772,2015-09-13,84.9,75.0,0.0
1773,2015-09-14,82.9,73.9,0.0
1774,2015-09-15,79.0,69.1,1.21
1775,2015-09-16,78.1,68.0,0.03
1776,2015-09-17,78.1,69.1,0.0
1777,2015-09-18,79.0,68.0,0.0
1778,2015-09-19,81.0,70.0,0.0
1779,2015-09-20,91.9,73.0,0.0
1780,2015-09-21,80.1,75.0,0.001
1781,2015-09-22,81.0,71.1,0.0
1782,2015-09-23,81.0,70.0,0.0
1783,2015-09-24,84.0,71.1,0.0
1784,2015-09-25,84.9,73.0,0.0
1785,2015-09-26,84.9,71.1,0.0
1786,2015-09-27,82.9,72.0,0.0
1787,2015-09-28,82.9,70.0,0.0
1788,2015-09-29,80.1,69.1,0.0
1789,2015-09-30,82.9,66.9,0.0
1791,2015-10-01,80.1,70.0,0.0
1792,2015-10-02,79.0,69.1,0.0
1793,2015-10-03,75.9,68.0,0.0
1794,2015-10-04,73.0,66.9,0.14
1795,2015-10-05,71.1,63.0,0.27
1796,2015-10-06,75.9,64.0,0.0
1797,2015-10-07,78.1,66.9,0.0
1798,2015-10-08,82.0,66.9,0.0
1799,2015-10-09,99.0,69.1,0.0
1800,2015-10-10,96.1,75.9,0.0
1801,2015-10-11,93.9,73.0,0.0
1802,2015-10-12,93.9,75.0,0.0
1803,2015-10-13,86.0,75.9,0.0
1804,2015-10-14,82.0,73.9,0.0
1805,2015-10-15,79.0,72.0,0.0
1806,2015-10-16,73.9,70.0,0.001
1807,2015-10-17,77.0,70.0,0.001
1808,2015-10-18,75.9,71.1,0.02
1809,2015-10-19,73.0,66.9,0.0
1810,2015-10-20,75.9,66.0,0.0
1811,2015-10-21,77.0,66.0,0.0
1812,2015-10-22,77.0,66.0,0.0
1813,2015-10-23,78.1,64.9,0.0
1814,2015-10-24,84.9,64.9,0.0
1815,2015-10-25,78.1,66.9,0.0
1816,2015-10-26,80.1,64.0,0.0
1817,2015-10-27,82.9,63.0,0.0
1818,2015-10-28,78.1,66.0,0.0
1819,2015-10-29,78.1,68.0,0.0
1820,2015-10-30,82.0,62.1,0.0
1821,2015-10-31,84.9,62.1,0.0
1823,2015-11-01,84.0,61.0,0.0
1824,2015-11-02,73.0,63.0,0.001
1825,2015-11-03,70.0,55.0,1.09
1826,2015-11-04,70.0,55.9,0.03
1827,2015-11-05,71.1,55.0,0.0
1828,2015-11-06,73.0,54.0,0.0
1829,2015-11-07,77.0,54.0,0.0
1830,2015-11-08,73.9,54.0,0.0
1831,2015-11-09,69.1,59.0,0.03
1832,2015-11-10,66.9,57.9,0.05
1833,2015-11-11,75.0,52.0,0.0
1834,2015-11-12,72.0,51.1,0.0
1835,2015-11-13,75.9,51.1,0.0
1836,2015-11-14,75.9,51.1,0.0
1837,2015-11-15,70.0,60.1,0.08
1838,2015-11-16,63.0,54.0,0.0
1839,2015-11-17,69.1,48.9,0.0
1840,2015-11-18,73.9,52.0,0.0
1841,2015-11-19,80.1,53.1,0.0
1842,2015-11-20,77.0,55.0,0.0
1843,2015-11-21,84.0,55.0,0.0
1844,2015-11-22,84.0,57.9,0.0
1845,2015-11-23,77.0,55.9,0.0
1846,2015-11-24,68.0,55.0,0.0
1847,2015-11-25,64.0,59.0,0.07
1848,2015-11-26,64.9,55.0,0.01
1849,2015-11-27,62.1,53.1,0.18
1850,2015-11-28,64.9,52.0,0.0
1851,2015-11-29,66.0,51.1,0.0
1852,2015-11-30,66.9,46.9,0.0
1854,2015-12-01,66.9,48.0,0.0
1855,2015-12-02,77.0,48.9,0.0
1856,2015-12-03,77.0,52.0,0.0
1857,2015-12-04,68.0,52.0,0.0
1858,2015-12-05,73.9,50.0,0.0
1859,2015-12-06,75.9,52.0,0.0
1860,2015-12-07,77.0,52.0,0.0
1861,2015-12-08,75.9,53.1,0.0
1862,2015-12-09,72.0,54.0,0.0
1863,2015-12-10,66.9,57.0,0.001
1864,2015-12-11,66.9,55.0,0.19
1865,2015-12-12,64.9,48.0,0.0
1866,2015-12-13,66.0,50.0,0.16
1867,2015-12-14,61.0,50.0,0.0
1868,2015-12-15,61.0,46.0,0.0
1869,2015-12-16,62.1,44.1,0.0
1870,2015-12-17,64.9,45.0,0.0
1871,2015-12-18,69.1,46.9,0.0
1872,2015-12-19,64.0,48.9,0.11
1873,2015-12-20,63.0,53.1,0.001
1874,2015-12-21,64.9,48.9,0.03
1875,2015-12-22,64.0,55.9,0.17
1876,2015-12-23,64.0,57.9,0.01
1877,2015-12-24,64.9,55.9,0.01
1878,2015-12-25,60.1,50.0,0.01
1879,2015-12-26,64.0,46.0,0.0
1880,2015-12-27,61.0,41.0,0.0
1881,2015-12-28,59.0,46.0,0.19
1882,2015-12-29,59.0,45.0,0.0
1883,2015-12-30,63.0,43.0,0.0
1884,2015-12-31,64.9,45.0,0.0
1886,2016-01-01,64.9,44.1,0.0
1887,2016-01-02,64.0,45.0,0.0
1888,2016-01-03,63.0,48.0,0.001
1889,2016-01-04,64.0,55.9,0.14
1890,2016-01-05,61.0,57.9,1.65
1891,2016-01-06,62.1,54.0,0.61
1892,2016-01-07,61.0,53.1,0.56
1893,2016-01-08,62.1,50.0,0.02
1894,2016-01-09,61.0,48.0,0.001
1895,2016-01-10,61.0,54.0,0.001
1896,2016-01-11,64.0,50.0,0.0
1897,2016-01-12,69.1,45.0,0.0
1898,2016-01-13,63.0,46.0,0.0
1899,2016-01-14,64.0,50.0,0.0
1900,2016-01-15,61.0,53.1,0.04
1901,2016-01-16,66.0,52.0,0.0
1902,2016-01-17,70.0,52.0,0.0
1903,2016-01-18,68.0,57.0,0.01
1904,2016-01-19,64.0,53.1,0.0
1905,2016-01-20,66.9,57.9,0.0
1906,2016-01-21,70.0,53.1,0.0
1907,2016-01-22,70.0,52.0,0.0
1908,2016-01-23,66.0,53.1,0.001
1909,2016-01-24,64.9,53.1,0.0
1910,2016-01-25,66.0,50.0,0.0
1911,2016-01-26,72.0,48.9,0.0
1912,2016-01-27,71.1,50.0,0.0
1913,2016-01-28,72.0,53.1,0.0
1914,2016-01-29,70.0,51.1,0.0
1915,2016-01-30,66.0,54.0,0.04
1916,2016-01-31,61.0,55.0,0.14
1918,2016-02-01,60.1,48.9,0.001
1919,2016-02-02,60.1,44.1,0.0
1920,2016-02-03,63.0,46.0,0.0
1921,2016-02-04,68.0,46.9,0.0
1922,2016-02-05,73.0,48.0,0.0
1923,2016-02-06,75.9,50.0,0.0
1924,2016-02-07,80.1,50.0,0.0
1925,2016-02-08,84.0,53.1,0.0
1926,2016-02-09,82.9,57.0,0.0
1927,2016-02-10,86.0,57.0,0.0
1928,2016-02-11,84.0,55.9,0.0
1929,2016-02-12,80.1,55.0,0.0
1930,2016-02-13,73.0,52.0,0.0
1931,2016-02-14,73.9,51.1,0.0
1932,2016-02-15,84.0,57.9,0.0
1933,2016-02-16,89.1,59.0,0.0
1934,2016-02-17,73.0,57.9,0.001
1935,2016-02-18,68.0,57.9,0.05
1936,2016-02-19,66.9,55.0,0.0
1937,2016-02-20,70.0,52.0,0.0
1938,2016-02-21,69.1,55.9,0.0
1939,2016-02-22,73.0,52.0,0.0
1940,2016-02-23,75.9,54.0,0.0
1941,2016-02-24,78.1,55.9,0.0
1942,2016-02-25,81.0,55.0,0.0
1943,2016-02-26,73.0,54.0,0.0
1944,2016-02-27,73.0,55.0,0.0
1945,2016-02-28,69.1,57.9,0.0
1947,2016-03-01,72.0,57.9,0.0
1948,2016-03-02,69.1,55.0,0.0
1949,2016-03-03,68.0,55.9,0.0
1950,2016-03-04,66.9,59.0,0.0
1951,2016-03-05,71.1,60.1,0.02
1952,2016-03-06,66.9,57.9,0.1
1953,2016-03-07,62.1,51.1,0.45
1954,2016-03-08,66.0,48.0,0.0
1955,2016-03-09,71.1,53.1,0.0
1956,2016-03-10,71.1,55.9,0.0
1957,2016-03-11,66.9,55.9,0.15
1958,2016-03-12,64.0,57.0,0.0
1959,2016-03-13,66.9,55.9,0.001
1960,2016-03-14,69.1,60.1,0.001
1961,2016-03-15,71.1,55.9,0.0
1962,2016-03-16,73.9,57.9,0.0
1963,2016-03-17,72.0,60.1,0.0
1964,2016-03-18,70.0,60.1,0.0
1965,2016-03-19,68.0,59.0,0.0
1966,2016-03-20,69.1,59.0,0.0
1967,2016-03-21,68.0,60.1,0.0
1968,2016-03-22,66.9,59.0,0.0
1969,2016-03-23,73.0,54.0,0.0
1970,2016-03-24,75.9,55.0,0.0
1971,2016-03-25,75.0,55.9,0.0
1972,2016-03-26,68.0,60.1,0.0
1973,2016-03-27,66.9,57.9,0.0
1974,2016-03-28,64.0,57.9,0.001
1975,2016-03-29,64.9,55.9,0.0
1976,2016-03-30,64.0,53.1,0.04
1977,2016-03-31,68.0,52.0,0.0
1979,2016-04-01,66.9,57.0,0.0
1980,2016-04-02,71.1,57.0,0.0
1981,2016-04-03,69.1,55.9,0.0
1982,2016-04-04,71.1,55.9,0.0
1983,2016-04-05,73.9,55.9,0.0
1984,2016-04-06,75.9,57.9,0.0
1985,2016-04-07,66.0,61.0,0.31
1986,2016-04-08,66.9,59.0,0.06
1987,2016-04-09,68.0,59.0,0.01
1988,2016-04-10,68.0,59.0,0.17
1989,2016-04-11,71.1,59.0,0.001
1990,2016-04-12,70.0,60.1,0.0
1991,2016-04-13,70.0,61.0,0.0
1992,2016-04-14,70.0,60.1,0.0
1993,2016-04-15,71.1,57.9,0.0
1994,2016-04-16,81.0,57.0,0.0
1995,2016-04-17,86.0,59.0,0.0
1996,2016-04-18,87.1,62.1,0.0
1997,2016-04-19,84.9,63.0,0.0
1998,2016-04-20,82.9,60.1,0.0
1999,2016-04-21,75.9,60.1,0.0
2000,2016-04-22,72.0,63.0,0.0
2001,2016-04-23,71.1,62.1,0.001
2002,2016-04-24,68.0,60.1,0.0
2003,2016-04-25,64.9,59.0,0.0
2004,2016-04-26,69.1,55.9,0.0
2005,2016-04-27,66.9,57.9,0.001
2006,2016-04-28,64.9,57.9,0.001
2007,2016-04-29,68.0,59.0,0.0
2008,2016-04-30,66.9,57.0,0.001
2010,2016-05-01,68.0,59.0,0.0
2011,2016-05-02,70.0,57.9,0.0
2012,2016-05-03,70.0,59.0,0.0
2013,2016-05-04,66.9,61.0,0.0
2014,2016-05-05,66.9,60.1,0.09
2015,2016-05-06,71.1,59.0,0.34
2016,2016-05-07,69.1,59.0,0.0
2017,2016-05-08,71.1,60.1,0.001
2018,2016-05-09,71.1,62.1,0.001
2019,2016-05-10,71.1,63.0,0.0
2020,2016-05-11,71.1,63.0,0.0
2021,2016-05-12,70.0,62.1,0.0
2022,2016-05-13,70.0,62.1,0.0
2023,2016-05-14,64.0,62.1,0.0
2024,2016-05-15,68.0,62.1,0.001
2025,2016-05-16,68.0,61.0,0.0
2026,2016-05-17,66.0,63.0,0.0
2027,2016-05-18,72.0,62.1,0.0
2028,2016-05-19,69.1,62.1,0.001
2029,2016-05-20,66.0,62.1,0.001
2030,2016-05-21,66.9,60.1,0.0
2031,2016-05-22,70.0,60.1,0.001
2032,2016-05-23,66.9,60.1,0.0
2033,2016-05-24,68.0,63.0,0.001
2034,2016-05-25,71.1,61.0,0.0
2035,2016-05-26,69.1,62.1,0.0
2036,2016-05-27,70.0,63.0,0.0
2037,2016-05-28,66.0,62.1,0.0
2038,2016-05-29,68.0,60.1,0.0
2039,2016-05-30,71.1,62.1,0.01
2040,2016-05-31,66.9,62.1,0.0
2042,2016-06-01,68.0,61.0,0.001
2043,2016-06-02,73.9,62.1,0.0
2044,2016-06-03,75.0,62.1,0.001
2045,2016-06-04,73.9,62.1,0.0
2046,2016-06-05,72.0,63.0,0.0
2047,2016-06-06,72.0,64.0,0.0
2048,2016-06-07,70.0,63.0,0.0
2049,2016-06-08,69.1,64.0,0.0
2050,2016-06-09,69.1,62.1,0.001
2051,2016-06-10,70.0,62.1,0.001
2052,2016-06-11,68.0,64.0,0.0
2053,2016-06-12,69.1,63.0,0.0
2054,2016-06-13,72.0,64.0,0.0
2055,2016-06-14,68.0,64.0,0.0
2056,2016-06-15,70.0,63.0,0.0
2057,2016-06-16,75.0,62.1,0.0
2058,2016-06-17,81.0,64.0,0.0
2059,2016-06-18,80.1,64.9,0.0
2060,2016-06-19,88.0,69.1,0.0
2061,2016-06-20,86.0,71.1,0.0
2062,2016-06-21,75.0,66.0,0.0
2063,2016-06-22,77.0,68.0,0.0
2064,2016-06-23,73.9,64.0,0.0
2065,2016-06-24,69.1,64.0,0.0
2066,2016-06-25,70.0,64.0,0.0
2067,2016-06-26,72.0,64.0,0.0
2068,2016-06-27,77.0,66.0,0.0
2069,2016-06-28,75.9,66.0,0.0
2070,2016-06-29,77.0,64.0,0.0
2071,2016-06-30,70.0,64.0,0.0
2073,2016-07-01,68.0,63.0,0.0
2074,2016-07-02,71.1,64.0,0.0
2075,2016-07-03,71.1,64.0,0.0
2076,2016-07-04,73.0,64.0,0.0
2077,2016-07-05,73.9,66.0,0.0
2078,2016-07-06,73.9,66.0,0.0
2079,2016-07-07,73.9,64.9,0.0
2080,2016-07-08,75.9,68.0,0.0
2081,2016-07-09,78.1,68.0,0.0
2082,2016-07-10,77.0,66.0,0.0
2083,2016-07-11,69.1,64.0,0.0
2084,2016-07-12,73.9,64.0,0.0
2085,2016-07-13,77.0,64.9,0.0
2086,2016-07-14,77.0,66.0,0.0
2087,2016-07-15,75.0,66.0,0.0
2088,2016-07-16,73.9,64.9,0.0
2089,2016-07-17,73.0,64.9,0.0
2090,2016-07-18,73.9,64.9,0.0
2091,2016-07-19,78.1,66.0,0.0
2092,2016-07-20,81.0,66.0,0.0
2093,2016-07-21,84.0,69.1,0.0
2094,2016-07-22,84.9,66.9,0.0
2095,2016-07-23,73.0,66.0,0.0
2096,2016-07-24,75.9,64.0,0.0
2097,2016-07-25,75.0,66.9,0.001
2098,2016-07-26,78.1,66.9,0.0
2099,2016-07-27,80.1,68.0,0.0
2100,2016-07-28,81.0,68.0,0.0
2101,2016-07-29,75.9,68.0,0.0
2102,2016-07-30,78.1,66.9,0.0
2103,2016-07-31,75.9,68.0,0.0
2105,2016-08-01,80.1,69.1,0.0
2106,2016-08-02,79.0,70.0,0.0
2107,2016-08-03,79.0,69.1,0.0
2108,2016-08-04,78.1,69.1,0.0
2109,2016-08-05,77.0,71.1,0.0
2110,2016-08-06,77.0,69.1,0.0
2111,2016-08-07,75.9,68.0,0.0
2112,2016-08-08,71.1,66.9,0.0
2113,2016-08-09,75.0,66.9,0.0
2114,2016-08-10,78.1,68.0,0.0
2115,2016-08-11,77.0,70.0,0.0
2116,2016-08-12,80.1,70.0,0.0
2117,2016-08-13,80.1,70.0,0.0
2118,2016-08-14,82.0,70.0,0.0
2119,2016-08-15,84.0,71.1,0.0
2120,2016-08-16,81.0,68.0,0.0
2121,2016-08-17,80.1,66.9,0.0
2122,2016-08-18,78.1,66.9,0.0
2123,2016-08-19,79.0,66.9,0.0
2124,2016-08-20,77.0,66.9,0.0
2125,2016-08-21,78.1,66.9,0.0
2126,2016-08-22,77.0,66.0,0.0
2127,2016-08-23,75.9,62.1,0.0
2128,2016-08-24,77.0,66.9,0.0
2129,2016-08-25,73.9,66.0,0.0
2130,2016-08-26,73.0,66.0,0.0
2131,2016-08-27,75.0,66.9,0.0
2132,2016-08-28,77.0,69.1,0.0
2133,2016-08-29,78.1,68.0,0.0
2134,2016-08-30,77.0,66.9,0.0
2135,2016-08-31,79.0,66.0,0.0
2137,2016-09-01,72.0,64.0,0.0
2138,2016-09-02,73.0,63.0,0.0
2139,2016-09-03,70.0,64.0,0.0
2140,2016-09-04,73.9,64.9,0.0
2141,2016-09-05,72.0,64.9,0.0
2142,2016-09-06,75.9,64.0,0.0
2143,2016-09-07,73.0,66.9,0.0
2144,2016-09-08,75.9,68.0,0.0
2145,2016-09-09,77.0,68.0,0.0
2146,2016-09-10,75.0,66.9,0.0
2147,2016-09-11,75.0,66.0,0.0
2148,2016-09-12,70.0,64.9,0.0
2149,2016-09-13,73.0,64.0,0.0
2150,2016-09-14,73.9,62.1,0.0
2151,2016-09-15,75.0,61.0,0.0
2152,2016-09-16,73.9,61.0,0.0
2153,2016-09-17,75.0,64.0,0.0
2154,2016-09-18,75.9,61.0,0.0
2155,2016-09-19,80.1,64.9,0.01
2156,2016-09-20,78.1,71.1,0.15
2157,2016-09-21,80.1,68.0,0.16
2158,2016-09-22,73.0,64.9,0.0
2159,2016-09-23,75.0,62.1,0.0
2160,2016-09-24,86.0,63.0,0.0
2161,2016-09-25,90.0,68.0,0.0
2162,2016-09-26,100.9,70.0,0.0
2163,2016-09-27,91.9,73.9,0.0
2164,2016-09-28,89.1,73.0,0.0
2165,2016-09-29,86.0,71.1,0.0
2166,2016-09-30,82.0,71.1,0.0
2168,2016-10-01,82.0,66.9,0.0
2169,2016-10-02,73.0,66.9,0.0
2170,2016-10-03,75.0,63.0,0.0
2171,2016-10-04,73.0,63.0,0.0
2172,2016-10-05,73.0,64.9,0.0
2173,2016-10-06,75.0,61.0,0.0
2174,2016-10-07,87.1,62.1,0.0
2175,2016-10-08,86.0,62.1,0.0
2176,2016-10-09,86.0,64.0,0.0
2177,2016-10-10,79.0,64.0,0.0
2178,2016-10-11,73.0,66.0,0.0
2179,2016-10-12,73.0,62.1,0.0
2180,2016-10-13,73.0,62.1,0.0
2181,2016-10-14,73.0,64.9,0.0
2182,2016-10-15,73.9,64.9,0.0
2183,2016-10-16,75.0,66.0,0.0
2184,2016-10-17,75.0,64.9,0.001
2185,2016-10-18,73.9,63.0,0.0
2186,2016-10-19,80.1,61.0,0.0
2187,2016-10-20,91.0,62.1,0.0
2188,2016-10-21,88.0,64.0,0.0
2189,2016-10-22,82.0,63.0,0.0
2190,2016-10-23,82.0,63.0,0.0
2191,2016-10-24,75.0,64.0,0.04
2192,2016-10-25,72.0,62.1,0.0
2193,2016-10-26,75.0,62.1,0.0
2194,2016-10-27,75.9,62.1,0.0
2195,2016-10-28,78.1,66.0,0.0
2196,2016-10-29,80.1,64.9,0.0
2197,2016-10-30,73.0,64.0,0.03
2198,2016-10-31,71.1,63.0,0.001
2200,2016-11-01,71.1,60.1,0.0
2201,2016-11-02,72.0,57.9,0.0
2202,2016-11-03,79.0,57.9,0.0
2203,2016-11-04,73.9,61.0,0.0
2204,2016-11-05,77.0,57.0,0.0
2205,2016-11-06,75.0,57.0,0.0
2206,2016-11-07,73.0,57.0,0.0
2207,2016-11-08,82.9,59.0,0.0
2208,2016-11-09,96.1,63.0,0.0
2209,2016-11-10,90.0,63.0,0.0
2210,2016-11-11,88.0,62.1,0.0
2211,2016-11-12,82.0,61.0,0.0
2212,2016-11-13,84.0,64.0,0.0
2213,2016-11-14,84.0,61.0,0.0
2214,2016-11-15,75.0,59.0,0.0
2215,2016-11-16,70.0,62.1,0.0
2216,2016-11-17,71.1,59.0,0.0
2217,2016-11-18,75.9,53.1,0.0
2218,2016-11-19,72.0,52.0,0.0
2219,2016-11-20,66.9,59.0,0.11
2220,2016-11-21,66.0,60.1,0.12
2221,2016-11-22,69.1,55.9,0.0
2222,2016-11-23,68.0,54.0,0.0
2223,2016-11-24,78.1,51.1,0.0
2224,2016-11-25,72.0,48.0,0.0
2225,2016-11-26,63.0,48.9,0.11
2226,2016-11-27,64.9,55.0,0.17
2227,2016-11-28,64.0,54.0,0.1
2228,2016-11-29,69.1,50.0,0.0
2229,2016-11-30,68.0,46.9,0.0
2231,2016-12-01,62.1,51.1,0.0
2232,2016-12-02,68.0,51.1,0.0
2233,2016-12-03,66.9,45.0,0.0
2234,2016-12-04,70.0,46.0,0.0
2235,2016-12-05,62.1,50.0,0.0
2236,2016-12-06,62.1,57.9,0.0
2237,2016-12-07,64.0,55.0,0.0
2238,2016-12-08,66.0,50.0,0.0
2239,2016-12-09,66.0,51.1,0.0
2240,2016-12-10,68.0,57.0,0.0
2241,2016-12-11,66.9,57.9,0.0
2242,2016-12-12,66.9,57.9,0.0
2243,2016-12-13,66.9,53.1,0.0
2244,2016-12-14,71.1,51.1,0.0
2245,2016-12-15,68.0,54.0,0.12
2246,2016-12-16,62.1,55.0,1.2
2247,2016-12-17,60.1,48.0,0.0
2248,2016-12-18,62.1,42.1,0.0
2249,2016-12-19,70.0,41.0,0.0
2250,2016-12-20,77.0,48.0,0.001
2251,2016-12-21,73.9,59.0,0.54
2252,2016-12-22,62.1,59.0,0.56
2253,2016-12-23,63.0,57.9,0.01
2254,2016-12-24,60.1,53.1,0.6
2255,2016-12-25,57.9,46.9,0.0
2256,2016-12-26,64.0,46.0,0.0
2257,2016-12-27,69.1,46.0,0.0
2258,2016-12-28,73.9,48.0,0.0
2259,2016-12-29,82.9,51.1,0.0
2260,2016-12-30,62.1,55.9,0.51
2261,2016-12-31,60.1,52.0,0.68
